\fixlen = T
|set|TIME       |PDCSAP_FLUX  |
|int|double     |double       |
 0   352.3974841 4.2542366e+05 
 0   352.4383504 4.2542662e+05 
 0   352.4587835 4.2543325e+05 
 0   352.4792167 4.2541419e+05 
 0   352.4996498 4.2387028e+05 
 0   352.5200830 4.1981594e+05 
 0   352.5405160 4.1978866e+05 
 0   352.5609492 4.2383409e+05 
 0   352.5813824 4.2546316e+05 
 0   352.6018154 4.2544175e+05 
 0   352.6222487 4.2540438e+05 
 0   352.6426818 4.2546534e+05 
 0   352.6631150 4.2545841e+05 
 0   352.6835481 4.2541569e+05 
 0   352.7039812 4.2544038e+05 
 0   352.7244144 4.2546422e+05 
 0   352.7448475 4.2543356e+05 
 0   352.7652807 4.2542403e+05 
 0   352.7857138 4.2540609e+05 
 0   352.8061469 4.2540103e+05 
 0   352.8265801 4.2542875e+05 
 0   352.8470132 4.2539903e+05 
 0   352.8674463 4.2547103e+05 
 0   352.8878795 4.2542072e+05 
 0   352.9083127 4.2542891e+05 
 0   352.9287457 4.2546597e+05 
 0   352.9491790 4.2542784e+05 
 0   352.9696121 4.2542756e+05 
 0   353.0104783 4.2542250e+05 
 0   353.0309116 4.2544744e+05 
 0   353.0513447 4.2543328e+05 
 0   353.0717778 4.2540138e+05 
 0   353.0922110 4.2544931e+05 
 0   353.1126441 4.2543834e+05 
 0   353.1330772 4.2540350e+05 
 0   353.1535104 4.2541175e+05 
 0   353.1739436 4.2545800e+05 
 0   353.1943766 4.2539300e+05 
 0   353.2148099 4.2541094e+05 
 0   353.2352430 4.2545947e+05 
 0   353.2556761 4.2540256e+05 
 0   353.2761092 4.2549988e+05 
 0   353.2965425 4.2543069e+05 
 0   353.3169755 4.2539125e+05 
 0   353.3374087 4.2546222e+05 
 0   353.3578418 4.2545088e+05 
 0   353.3782750 4.2543634e+05 
 0   353.3987081 4.2551312e+05 
 0   353.4191414 4.2543062e+05 
 0   353.4395744 4.2538909e+05 
 0   353.4600076 4.2545131e+05 
 0   353.4804408 4.2543031e+05 
 0   353.5008739 4.2540616e+05 
 0   353.5213070 4.2546219e+05 
 0   353.5417402 4.2543297e+05 
 0   353.5621733 4.2544316e+05 
 0   353.5826065 4.2544044e+05 
 0   353.6030396 4.2545181e+05 
 0   353.6234728 4.2543775e+05 
 0   353.6439059 4.2543456e+05 
 0   353.6643391 4.2541078e+05 
 0   353.6847723 4.2545638e+05 
 0   353.7052054 4.2542497e+05 
 0   353.7256385 4.2538369e+05 
 0   353.7460718 4.2543078e+05 
 0   353.7665048 4.2544712e+05 
 0   353.8073711 4.2551375e+05 
 0   353.8278043 4.2546612e+05 
 0   353.8482375 4.2546825e+05 
 0   353.8686706 4.2544150e+05 
 0   353.8891038 4.2541709e+05 
 0   353.9095369 4.2547025e+05 
 0   353.9299701 4.2546406e+05 
 0   353.9504032 4.2546575e+05 
 0   353.9708364 4.2541784e+05 
 0   353.9912695 4.2547741e+05 
 0   354.0117026 4.2542659e+05 
 0   354.0321359 4.2548462e+05 
 0   354.0525690 4.2543719e+05 
 0   354.0730021 4.2544453e+05 
 0   354.0934353 4.2549403e+05 
 0   354.1138685 4.2541781e+05 
 0   354.1343015 4.2543238e+05 
 0   354.1547348 4.2546644e+05 
 0   354.1751679 4.2547278e+05 
 0   354.1956010 4.2543797e+05 
 0   354.2160343 4.2548128e+05 
 0   354.2364674 4.2546494e+05 
 0   354.2569005 4.2548144e+05 
 0   354.2773336 4.2547509e+05 
 0   354.2977669 4.2543181e+05 
 0   354.3182000 4.2547453e+05 
 0   354.3386331 4.2545419e+05 
 0   354.3590664 4.2547312e+05 
 0   354.3794994 4.2547572e+05 
 0   354.3999326 4.2548553e+05 
 0   354.4203659 4.2545000e+05 
 0   354.4407989 4.2547462e+05 
 0   354.4612321 4.2542934e+05 
 0   354.4816653 4.2539375e+05 
 0   354.5020984 4.2546591e+05 
 0   354.5225316 4.2542734e+05 
 0   354.5429647 4.2545319e+05 
 0   354.5633980 4.2546484e+05 
 0   354.5838310 4.2544712e+05 
 0   354.6042642 4.2543675e+05 
 0   354.6246975 4.2545178e+05 
 0   354.6451305 4.2543962e+05 
 0   354.6655637 4.2541909e+05 
 0   354.6859969 4.2545316e+05 
 0   354.7064300 4.2544316e+05 
 0   354.7268632 4.2545575e+05 
 0   354.7472964 4.2543741e+05 
 0   354.7677295 4.2543662e+05 
 0   354.7881627 4.2546734e+05 
 0   354.8085958 4.2535662e+05 
 0   354.8290290 4.2526300e+05 
 0   354.8494621 4.2524262e+05 
 0   354.8698953 4.2542144e+05 
 0   354.8903286 4.2588088e+05 
 0   354.9107616 4.2611044e+05 
 0   354.9311948 4.2625109e+05 
 0   354.9516280 4.2633912e+05 
 0   354.9720611 4.2438472e+05 
 0   354.9924943 4.2053141e+05 
 0   355.0129275 4.2073962e+05 
 0   355.0333606 4.2499247e+05 
 0   355.0537937 4.2610512e+05 
 0   355.0742269 4.2605416e+05 
 0   355.0946601 4.2597328e+05 
 0   355.1150933 4.2588091e+05 
 0   355.1355264 4.2584997e+05 
 0   355.1559596 4.2579034e+05 
 0   355.1763928 4.2572222e+05 
 0   355.1968259 4.2565434e+05 
 0   355.2172591 4.2558441e+05 
 0   355.2376923 4.2555766e+05 
 0   355.2581254 4.2550066e+05 
 0   355.2785585 4.2548109e+05 
 0   355.2989918 4.2539888e+05 
 0   355.3194249 4.2539275e+05 
 0   355.3398580 4.2532447e+05 
 0   355.3602913 4.2531741e+05 
 0   355.3807244 4.2532362e+05 
 0   355.4215908 4.2530653e+05 
 0   355.4420240 4.2531019e+05 
 0   355.4624570 4.2534109e+05 
 0   355.4828903 4.2534469e+05 
 0   355.5033235 4.2534406e+05 
 0   355.5237565 4.2534756e+05 
 0   355.5441897 4.2534653e+05 
 0   355.5646230 4.2535309e+05 
 0   355.5850561 4.2533762e+05 
 0   355.6054892 4.2535209e+05 
 0   355.6259225 4.2531656e+05 
 0   355.6463556 4.2530000e+05 
 0   355.6667887 4.2531112e+05 
 0   355.6872220 4.2529500e+05 
 0   355.7076552 4.2533322e+05 
 0   355.7280883 4.2536338e+05 
 0   355.7485215 4.2529594e+05 
 0   355.7689547 4.2531628e+05 
 0   355.7893878 4.2530341e+05 
 0   355.8098209 4.2530031e+05 
 0   355.8302541 4.2531047e+05 
 0   355.8506873 4.2530022e+05 
 0   355.8711205 4.2527703e+05 
 0   355.8915536 4.2531181e+05 
 0   355.9119868 4.2529631e+05 
 0   355.9324199 4.2527522e+05 
 0   355.9528532 4.2530212e+05 
 0   355.9732863 4.2529341e+05 
 0   355.9937195 4.2529231e+05 
 0   356.0141527 4.2530156e+05 
 0   356.0345859 4.2528084e+05 
 0   356.0550190 4.2528562e+05 
 0   356.0754521 4.2529656e+05 
 0   356.0958854 4.2525578e+05 
 0   356.1163186 4.2528903e+05 
 0   356.1367516 4.2529334e+05 
 0   356.1571849 4.2529931e+05 
 0   356.1776181 4.2530688e+05 
 0   356.1980512 4.2530475e+05 
 0   356.2184844 4.2528450e+05 
 0   356.2389176 4.2530234e+05 
 0   356.2593507 4.2534762e+05 
 0   356.2797840 4.2525891e+05 
 0   356.3002172 4.2528131e+05 
 0   356.3206503 4.2527769e+05 
 0   356.3410834 4.2529100e+05 
 0   356.3615167 4.2528525e+05 
 0   356.3819499 4.2526488e+05 
 0   356.4023829 4.2526828e+05 
 0   356.4228162 4.2530909e+05 
 0   356.4432494 4.2525912e+05 
 0   356.4636825 4.2529675e+05 
 0   356.4841158 4.2534825e+05 
 0   356.5045489 4.2531062e+05 
 0   356.5249820 4.2525503e+05 
 0   356.5454152 4.2533756e+05 
 0   356.5658485 4.2525869e+05 
 0   356.5862817 4.2533122e+05 
 0   356.6067147 4.2529219e+05 
 0   356.6271480 4.2528900e+05 
 0   356.6475811 4.2530053e+05 
 0   356.6680143 4.2529262e+05 
 0   356.6884476 4.2529066e+05 
 0   356.7088806 4.2531816e+05 
 0   356.7293138 4.2530909e+05 
 0   356.7497471 4.2529944e+05 
 0   356.7701802 4.2532059e+05 
 0   356.7906134 4.2529622e+05 
 0   356.8110466 4.2532578e+05 
 0   356.8314797 4.2528591e+05 
 0   356.8519129 4.2526750e+05 
 0   356.8723461 4.2529762e+05 
 0   356.8927793 4.2528147e+05 
 0   356.9132125 4.2526628e+05 
 0   356.9336457 4.2528903e+05 
 0   356.9540789 4.2528662e+05 
 0   356.9745120 4.2525281e+05 
 0   356.9949452 4.2527875e+05 
 0   357.0153785 4.2532778e+05 
 0   357.0358116 4.2526934e+05 
 0   357.0562448 4.2530706e+05 
 0   357.0766778 4.2532650e+05 
 0   357.0971111 4.2532047e+05 
 0   357.1175443 4.2528484e+05 
 0   357.1379774 4.2531575e+05 
 0   357.1584107 4.2527994e+05 
 0   357.1788439 4.2529909e+05 
 0   357.1992771 4.2531250e+05 
 0   357.2197102 4.2529866e+05 
 0   357.2401434 4.2534362e+05 
 0   357.2605766 4.2526694e+05 
 0   357.2810099 4.2532931e+05 
 0   357.3014430 4.2528203e+05 
 0   357.3218762 4.2527125e+05 
 0   357.3423093 4.2528988e+05 
 0   357.3627426 4.2532000e+05 
 0   357.3831757 4.2528912e+05 
 0   357.4036088 4.2530519e+05 
 0   357.4240421 4.2526538e+05 
 0   357.4444753 4.2291631e+05 
 0   357.4649085 4.1944959e+05 
 0   357.4853417 4.2007603e+05 
 0   357.5057749 4.2443022e+05 
 0   357.5262080 4.2530819e+05 
 0   357.5466412 4.2532228e+05 
 0   357.5670744 4.2531403e+05 
 0   357.5875075 4.2529600e+05 
 0   357.6079407 4.2531000e+05 
 0   357.6283740 4.2533347e+05 
 0   357.6488071 4.2527359e+05 
 0   357.6692403 4.2532144e+05 
 0   357.6896736 4.2527009e+05 
 0   357.7101067 4.2532272e+05 
 0   357.7305399 4.2529838e+05 
 0   357.7509732 4.2533219e+05 
 0   357.7714063 4.2528919e+05 
 0   357.7918395 4.2528869e+05 
 0   357.8122726 4.2533659e+05 
 0   357.8327059 4.2532306e+05 
 0   357.8531390 4.2530797e+05 
 0   357.8735722 4.2534484e+05 
 0   357.8940055 4.2530069e+05 
 0   357.9144386 4.2531547e+05 
 0   357.9348718 4.2530500e+05 
 0   357.9553051 4.2532806e+05 
 0   357.9757382 4.2530244e+05 
 0   357.9961714 4.2527116e+05 
 0   358.0166047 4.2528803e+05 
 0   358.0370378 4.2531216e+05 
 0   358.0574710 4.2527625e+05 
 0   358.0779042 4.2525834e+05 
 0   358.0983374 4.2524994e+05 
 0   358.1187706 4.2531166e+05 
 0   358.1392038 4.2528547e+05 
 0   358.1596370 4.2530531e+05 
 0   358.1800701 4.2531656e+05 
 0   358.2005033 4.2529116e+05 
 0   358.2209366 4.2531453e+05 
 0   358.2413697 4.2528762e+05 
 0   358.2618029 4.2530309e+05 
 0   358.2822362 4.2527794e+05 
 0   358.3026693 4.2527597e+05 
 0   358.3231025 4.2527597e+05 
 0   358.3435357 4.2529628e+05 
 0   358.3639689 4.2528381e+05 
 0   358.4048352 4.2529247e+05 
 0   358.4252685 4.2528797e+05 
 0   358.4457017 4.2531081e+05 
 0   358.4661348 4.2527216e+05 
 0   358.4865681 4.2527706e+05 
 0   358.5070013 4.2533281e+05 
 0   358.5274344 4.2531503e+05 
 0   358.5478676 4.2531441e+05 
 0   358.5683009 4.2529903e+05 
 0   358.5887340 4.2527541e+05 
 0   358.6091672 4.2534156e+05 
 0   358.6296005 4.2529338e+05 
 0   358.6500336 4.2532172e+05 
 0   358.6704668 4.2529550e+05 
 0   358.6909001 4.2529297e+05 
 0   358.7113333 4.2527538e+05 
 0   358.7317664 4.2528419e+05 
 0   358.7521997 4.2528462e+05 
 0   358.7726329 4.2525131e+05 
 0   358.7930660 4.2531472e+05 
 0   358.8134992 4.2529872e+05 
 0   358.8339325 4.2526991e+05 
 0   358.8543656 4.2526162e+05 
 0   358.8747988 4.2528662e+05 
 0   358.8952321 4.2526112e+05 
 0   358.9156652 4.2527894e+05 
 0   358.9360984 4.2524034e+05 
 0   358.9565318 4.2524988e+05 
 0   358.9769649 4.2524269e+05 
 0   358.9973981 4.2526419e+05 
 0   359.0178314 4.2524781e+05 
 0   359.0382646 4.2522756e+05 
 0   359.0586977 4.2528216e+05 
 0   359.0791309 4.2526316e+05 
 0   359.0995642 4.2528409e+05 
 0   359.1199973 4.2524431e+05 
 0   359.1404305 4.2532097e+05 
 0   359.1608638 4.2533991e+05 
 0   359.1812969 4.2524931e+05 
 0   359.2017301 4.2527097e+05 
 0   359.2221634 4.2525028e+05 
 0   359.2425965 4.2526828e+05 
 0   359.2630297 4.2528962e+05 
 0   359.2834629 4.2527775e+05 
 0   359.3038962 4.2530312e+05 
 0   359.3243294 4.2529022e+05 
 0   359.3447626 4.2528419e+05 
 0   359.3651958 4.2524994e+05 
 0   359.3856290 4.2532478e+05 
 0   359.4060621 4.2528897e+05 
 0   359.4264954 4.2526459e+05 
 0   359.4469286 4.2528850e+05 
 0   359.4673617 4.2530006e+05 
 0   359.4877950 4.2529212e+05 
 0   359.5082282 4.2529016e+05 
 0   359.5286613 4.2526428e+05 
 0   359.5490946 4.2532625e+05 
 0   359.5695279 4.2528594e+05 
 0   359.5899611 4.2524759e+05 
 0   359.6103942 4.2527941e+05 
 0   359.6308275 4.2526597e+05 
 0   359.6512607 4.2527972e+05 
 0   359.6716938 4.2529303e+05 
 0   359.6921271 4.2526947e+05 
 0   359.7125603 4.2526916e+05 
 0   359.7329935 4.2529916e+05 
 0   359.7534268 4.2529056e+05 
 0   359.7738600 4.2524438e+05 
 0   359.7942931 4.2531350e+05 
 0   359.8147263 4.2525956e+05 
 0   359.8351596 4.2524034e+05 
 0   359.8555928 4.2529128e+05 
 0   359.8760259 4.2523656e+05 
 0   359.8964593 4.2529959e+05 
 0   359.9168925 4.2250781e+05 
 0   359.9373256 4.1932169e+05 
 0   359.9577589 4.2031722e+05 
 0   359.9781921 4.2464194e+05 
 0   359.9986252 4.2525897e+05 
 0   360.0190585 4.2527662e+05 
 0   360.0394918 4.2528359e+05 
 0   360.0599249 4.2529378e+05 
 0   360.0803581 4.2527306e+05 
 0   360.1007914 4.2531534e+05 
 0   360.1212245 4.2524206e+05 
 0   360.1416577 4.2528541e+05 
 0   360.1620910 4.2529575e+05 
 0   360.1825242 4.2531006e+05 
 0   360.2029574 4.2530578e+05 
 0   360.2233906 4.2531400e+05 
 0   360.2438238 4.2530675e+05 
 0   360.2642570 4.2530447e+05 
 0   360.2846904 4.2530503e+05 
 0   360.3051235 4.2530628e+05 
 0   360.3255567 4.2535050e+05 
 0   360.3459898 4.2526322e+05 
 0   360.3664231 4.2530881e+05 
 0   360.3868563 4.2526975e+05 
 0   360.4072895 4.2530622e+05 
 0   360.4277228 4.2530434e+05 
 0   360.4481560 4.2530669e+05 
 0   360.4685892 4.2529550e+05 
 0   360.4890224 4.2532209e+05 
 0   360.5094557 4.2527547e+05 
 0   360.5298889 4.2533203e+05 
 0   360.5503221 4.2533031e+05 
 0   360.5911885 4.2526397e+05 
 0   360.6116217 4.2531928e+05 
 0   360.6320550 4.2528072e+05 
 0   360.6524882 4.2528888e+05 
 0   360.6729213 4.2535381e+05 
 0   360.6933547 4.2531247e+05 
 0   360.7137879 4.2535538e+05 
 0   360.7342211 4.2528459e+05 
 0   360.7546543 4.2530838e+05 
 0   360.7750875 4.2532478e+05 
 0   360.7955208 4.2530366e+05 
 0   360.8159539 4.2528372e+05 
 0   360.8363872 4.2531584e+05 
 0   360.8568204 4.2532119e+05 
 0   360.8772536 4.2530431e+05 
 0   360.8976869 4.2533441e+05 
 0   360.9181201 4.2530503e+05 
 0   360.9385532 4.2531378e+05 
 0   360.9589866 4.2533034e+05 
 0   360.9794198 4.2527859e+05 
 0   360.9998529 4.2528562e+05 
 0   361.0202862 4.2531681e+05 
 0   361.0407194 4.2531947e+05 
 0   361.0611526 4.2532866e+05 
 0   361.0815858 4.2532719e+05 
 0   361.1020191 4.2528606e+05 
 0   361.1224523 4.2528884e+05 
 0   361.1428855 4.2530234e+05 
 0   361.1633188 4.2525662e+05 
 0   361.1837519 4.2529297e+05 
 0   361.2041852 4.2530444e+05 
 0   361.2246185 4.2529712e+05 
 0   361.2450516 4.2536678e+05 
 0   361.2654848 4.2533969e+05 
 0   361.2859182 4.2528525e+05 
 0   361.3063513 4.2530591e+05 
 0   361.3267845 4.2531219e+05 
 0   361.3472178 4.2533244e+05 
 0   361.3880842 4.2528394e+05 
 0   361.4085174 4.2528828e+05 
 0   361.4289508 4.2533159e+05 
 0   361.4493839 4.2531116e+05 
 0   361.4698171 4.2530700e+05 
 0   361.4902505 4.2529253e+05 
 0   361.5106836 4.2527747e+05 
 0   361.5311168 4.2536853e+05 
 0   361.5515502 4.2529403e+05 
 0   361.5719833 4.2529688e+05 
 0   361.5924165 4.2530506e+05 
 0   361.6128498 4.2532609e+05 
 0   361.6332830 4.2529791e+05 
 0   361.6537162 4.2533044e+05 
 0   361.6741494 4.2529016e+05 
 0   361.6945827 4.2528462e+05 
 0   361.7150159 4.2531822e+05 
 0   361.7354491 4.2532019e+05 
 0   361.7558824 4.2537950e+05 
 0   361.7763156 4.2533338e+05 
 0   361.7967488 4.2529794e+05 
 0   361.8171821 4.2531528e+05 
 0   361.8376153 4.2533928e+05 
 0   361.8580485 4.2532866e+05 
 0   361.8784817 4.2533231e+05 
 0   361.8989150 4.2530994e+05 
 0   361.9193481 4.2530597e+05 
 0   361.9397814 4.2530197e+05 
 0   361.9602147 4.2529353e+05 
 0   361.9806480 4.2530356e+05 
 0   362.0010811 4.2532503e+05 
 0   362.0215144 4.2535656e+05 
 0   362.0419477 4.2529138e+05 
 0   362.0623808 4.2536059e+05 
 0   362.0828140 4.2532234e+05 
 0   362.1032474 4.2531994e+05 
 0   362.1236805 4.2535953e+05 
 0   362.1441137 4.2535728e+05 
 0   362.1645471 4.2532341e+05 
 0   362.1849802 4.2526306e+05 
 0   362.2054135 4.2535881e+05 
 0   362.2258468 4.2527047e+05 
 0   362.2462799 4.2531819e+05 
 0   362.2667132 4.2532106e+05 
 0   362.2871465 4.2529344e+05 
 0   362.3075797 4.2531625e+05 
 0   362.3280129 4.2533619e+05 
 0   362.3484461 4.2534744e+05 
 0   362.3688795 4.2531206e+05 
 0   362.3893126 4.2203234e+05 
 0   362.4097458 4.1934347e+05 
 0   362.4301792 4.2070512e+05 
 0   362.4506123 4.2486225e+05 
 0   362.4710456 4.2532566e+05 
 0   362.4914789 4.2534141e+05 
 0   362.5119120 4.2531941e+05 
 0   362.5323453 4.2531831e+05 
 0   362.5527786 4.2534216e+05 
 0   362.5732118 4.2530047e+05 
 0   362.5936450 4.2533091e+05 
 0   362.6140783 4.2531959e+05 
 0   362.6345115 4.2530947e+05 
 0   362.6549447 4.2532788e+05 
 0   362.6753780 4.2529144e+05 
 0   362.6958112 4.2533000e+05 
 0   362.7162445 4.2534397e+05 
 0   362.7366776 4.2528122e+05 
 0   362.7571110 4.2535791e+05 
 0   362.7775442 4.2531241e+05 
 0   362.7979773 4.2532119e+05 
 0   362.8184107 4.2531931e+05 
 0   362.8388439 4.2535566e+05 
 0   362.8592772 4.2528069e+05 
 0   362.8797103 4.2534341e+05 
 0   362.9001437 4.2534741e+05 
 0   362.9205769 4.2528747e+05 
 0   362.9410101 4.2537188e+05 
 0   362.9614434 4.2529031e+05 
 0   362.9818766 4.2529384e+05 
 0   363.0023098 4.2532388e+05 
 0   363.0227431 4.2531831e+05 
 0   363.0431764 4.2529825e+05 
 0   363.0636095 4.2535075e+05 
 0   363.0840428 4.2534503e+05 
 0   363.1044761 4.2535475e+05 
 0   363.1249093 4.2536803e+05 
 0   363.1453425 4.2532038e+05 
 0   363.1657759 4.2534678e+05 
 0   363.1862091 4.2536709e+05 
 0   363.2066423 4.2529766e+05 
 0   363.2270756 4.2534897e+05 
 0   363.2475089 4.2531550e+05 
 0   363.2679420 4.2533816e+05 
 0   363.2883754 4.2535050e+05 
 0   363.3088086 4.2537294e+05 
 0   363.3292418 4.2533166e+05 
 0   363.3496750 4.2535938e+05 
 0   363.3701084 4.2529819e+05 
 0   363.3905415 4.2533384e+05 
 0   363.4109748 4.2531884e+05 
 0   363.4314081 4.2530869e+05 
 0   363.4518413 4.2550778e+05 
 0   363.4722745 4.2534338e+05 
 0   363.4927079 4.2530781e+05 
 0   363.5131410 4.2528778e+05 
 0   363.5335743 4.2532369e+05 
 0   363.5540076 4.2533606e+05 
 0   363.5744408 4.2533944e+05 
 0   363.5948740 4.2533119e+05 
 0   363.6153072 4.2528566e+05 
 0   363.6357405 4.2535125e+05 
 0   363.6561738 4.2530984e+05 
 0   363.6766069 4.2533906e+05 
 0   363.6970403 4.2531362e+05 
 0   363.7174735 4.2528612e+05 
 0   363.7379068 4.2531903e+05 
 0   363.7583400 4.2535325e+05 
 0   363.7787733 4.2538247e+05 
 0   363.7992066 4.2532544e+05 
 0   363.8196398 4.2534181e+05 
 0   363.8400731 4.2529569e+05 
 0   363.8605063 4.2531112e+05 
 0   363.8809395 4.2533078e+05 
 0   363.9013728 4.2532559e+05 
 0   363.9218061 4.2528988e+05 
 0   363.9422392 4.2532244e+05 
 0   363.9626726 4.2534497e+05 
 0   363.9831059 4.2535341e+05 
 0   364.0035391 4.2534481e+05 
 0   364.0239724 4.2530459e+05 
 0   364.0444056 4.2531869e+05 
 0   364.0648389 4.2533081e+05 
 0   364.0852721 4.2531288e+05 
 0   364.1057054 4.2532756e+05 
 0   364.1261387 4.2534184e+05 
 0   364.1465718 4.2533144e+05 
 0   364.1670052 4.2535331e+05 
 0   364.1874384 4.2536309e+05 
 0   364.2078716 4.2533747e+05 
 0   364.2283049 4.2531866e+05 
 0   364.2487382 4.2533747e+05 
 0   364.2691714 4.2533381e+05 
 0   364.2896047 4.2533275e+05 
 0   364.3100380 4.2528775e+05 
 0   364.3304711 4.2531241e+05 
 0   364.3713378 4.2532381e+05 
 0   364.3917709 4.2533119e+05 
 0   364.4122042 4.2537534e+05 
 0   364.4326376 4.2533219e+05 
 0   364.4530707 4.2542003e+05 
 0   364.4735040 4.2532884e+05 
 0   364.4939373 4.2536703e+05 
 0   364.5143705 4.2536003e+05 
 0   364.5348038 4.2538481e+05 
 0   364.5552371 4.2532909e+05 
 0   364.5756703 4.2535431e+05 
 0   364.5961036 4.2534366e+05 
 0   364.6165368 4.2530125e+05 
 0   364.6369701 4.2535956e+05 
 0   364.6574033 4.2533241e+05 
 0   364.6778366 4.2533019e+05 
 0   364.6982699 4.2533709e+05 
 0   364.7187031 4.2534456e+05 
 0   364.7391364 4.2533122e+05 
 0   364.7595698 4.2533694e+05 
 0   364.7800029 4.2531816e+05 
 0   364.8004362 4.2531506e+05 
 0   364.8208696 4.2534678e+05 
 0   364.8413027 4.2525009e+05 
 0   364.8617360 4.2160872e+05 
 0   364.8821693 4.1935931e+05 
 0   364.9026025 4.2102184e+05 
 0   364.9230358 4.2510684e+05 
 0   364.9434691 4.2533034e+05 
 0   364.9639023 4.2533850e+05 
 0   364.9843356 4.2531122e+05 
 0   365.0047689 4.2529547e+05 
 0   365.0252022 4.2534491e+05 
 0   365.0456354 4.2530716e+05 
 0   365.0660687 4.2538184e+05 
 0   365.0865020 4.2532372e+05 
 0   365.1069352 4.2535141e+05 
 0   365.1273685 4.2535522e+05 
 0   365.1478016 4.2531716e+05 
 0   365.1682350 4.2536631e+05 
 0   365.1886683 4.2535375e+05 
 0   365.2091015 4.2534375e+05 
 0   365.2295348 4.2536541e+05 
 0   365.2499681 4.2538231e+05 
 0   365.2704013 4.2536412e+05 
 0   365.2908346 4.2532709e+05 
 0   365.3112679 4.2531959e+05 
 0   365.3317011 4.2526959e+05 
 0   365.3521344 4.2537594e+05 
 0   365.3725677 4.2537231e+05 
 0   365.3930009 4.2534853e+05 
 0   365.4134342 4.2528978e+05 
 0   365.4338675 4.2532259e+05 
 0   365.4543007 4.2535031e+05 
 0   365.4747340 4.2534012e+05 
 0   365.4951673 4.2536791e+05 
 0   365.5156005 4.2536041e+05 
 0   365.5360338 4.2529262e+05 
 0   365.5564672 4.2531725e+05 
 0   365.5769004 4.2536444e+05 
 0   365.5973336 4.2535481e+05 
 0   365.6177669 4.2534603e+05 
 0   365.6382003 4.2537203e+05 
 0   365.6586334 4.2531912e+05 
 0   365.6790667 4.2537556e+05 
 0   365.6995001 4.2538806e+05 
 0   365.7199333 4.2531922e+05 
 0   365.7403665 4.2536925e+05 
 0   365.7607999 4.2534603e+05 
 0   365.7812331 4.2535278e+05 
 0   365.8016664 4.2533566e+05 
 0   365.8220997 4.2537456e+05 
 0   365.8425329 4.2537062e+05 
 0   365.8629662 4.2534347e+05 
 0   365.8833995 4.2536106e+05 
 0   365.9038328 4.2539388e+05 
 0   365.9242660 4.2533806e+05 
 0   365.9446993 4.2531278e+05 
 0   365.9651327 4.2534953e+05 
 0   365.9855659 4.2538484e+05 
 0   366.0059991 4.2531628e+05 
 0   366.0264324 4.2536772e+05 
 0   366.0468657 4.2535528e+05 
 0   366.0672990 4.2534909e+05 
 0   366.0877323 4.2535859e+05 
 0   366.1081655 4.2536694e+05 
 0   366.1285988 4.2534497e+05 
 0   366.1490320 4.2534594e+05 
 0   366.1694654 4.2533256e+05 
 0   366.1898987 4.2531959e+05 
 0   366.2103318 4.2536178e+05 
 0   366.2307652 4.2538284e+05 
 0   366.2511985 4.2532566e+05 
 0   366.2716317 4.2537575e+05 
 0   366.2920651 4.2532831e+05 
 0   366.3124983 4.2538028e+05 
 0   366.3329315 4.2536756e+05 
 0   366.3533649 4.2533712e+05 
 0   366.3737982 4.2534916e+05 
 0   366.3942314 4.2535609e+05 
 0   366.4146647 4.2538706e+05 
 0   366.4350980 4.2534034e+05 
 0   366.4555313 4.2538544e+05 
 0   366.4759645 4.2533372e+05 
 0   366.4963979 4.2537959e+05 
 0   366.5168312 4.2535331e+05 
 0   366.5372644 4.2536366e+05 
 0   366.5576977 4.2538206e+05 
 0   366.5781310 4.2537878e+05 
 0   366.5985642 4.2534250e+05 
 0   366.6189975 4.2537269e+05 
 0   366.6394309 4.2533266e+05 
 0   366.6598641 4.2538238e+05 
 0   366.6802974 4.2541147e+05 
 0   366.7007307 4.2537972e+05 
 0   366.7211639 4.2537497e+05 
 0   366.7415972 4.2537534e+05 
 0   366.7620306 4.2539497e+05 
 0   366.7824639 4.2538850e+05 
 0   366.8028971 4.2534128e+05 
 0   366.8233305 4.2532500e+05 
 0   366.8437637 4.2539950e+05 
 0   366.8641969 4.2533822e+05 
 0   366.8846302 4.2537094e+05 
 0   366.9050635 4.2539709e+05 
 0   366.9254968 4.2537044e+05 
 0   366.9459301 4.2534425e+05 
 0   366.9663634 4.2537094e+05 
 0   366.9867967 4.2537400e+05 
 0   367.0072300 4.2537441e+05 
 0   367.0276632 4.2540500e+05 
 0   367.0480965 4.2535547e+05 
 0   367.0685298 4.2534500e+05 
 0   367.0889631 4.2539716e+05 
 0   367.1093964 4.2536594e+05 
 0   367.1298297 4.2536331e+05 
 0   367.1502629 4.2535912e+05 
 0   367.1706963 4.2532788e+05 
 0   367.1911296 4.2534703e+05 
 0   367.2115628 4.2541728e+05 
 0   367.2319962 4.2533384e+05 
 0   367.2524294 4.2536241e+05 
 0   367.2728626 4.2537272e+05 
 0   367.2932960 4.2534662e+05 
 0   367.3137293 4.2517509e+05 
 0   367.3545959 4.1932484e+05 
 0   367.3750292 4.2150344e+05 
 0   367.3954625 4.2524194e+05 
 0   367.4158957 4.2532053e+05 
 0   367.4363291 4.2538609e+05 
 0   367.4567624 4.2535153e+05 
 0   367.4771956 4.2532447e+05 
 0   367.4976290 4.2537272e+05 
 0   367.5180623 4.2537000e+05 
 0   367.5384955 4.2539212e+05 
 0   367.5589289 4.2538106e+05 
 0   367.5793621 4.2538212e+05 
 0   367.5997953 4.2536956e+05 
 0   367.6202287 4.2540319e+05 
 0   367.6406620 4.2533688e+05 
 0   367.6610953 4.2539269e+05 
 0   367.6815285 4.2541253e+05 
 0   367.7019619 4.2534466e+05 
 0   367.7223951 4.2539656e+05 
 0   367.7428284 4.2535231e+05 
 0   367.7632618 4.2530766e+05 
 0   367.7836951 4.2537259e+05 
 0   367.8041283 4.2539019e+05 
 0   367.8245617 4.2538334e+05 
 0   367.8449949 4.2539178e+05 
 0   367.8654282 4.2534431e+05 
 0   367.8858615 4.2538044e+05 
 0   367.9062948 4.2542134e+05 
 0   367.9267281 4.2534991e+05 
 0   367.9471614 4.2539200e+05 
 0   367.9675947 4.2539238e+05 
 0   367.9880280 4.2536169e+05 
 0   368.0084613 4.2537272e+05 
 0   368.0288947 4.2533416e+05 
 0   368.0493279 4.2532806e+05 
 0   368.0697612 4.2536253e+05 
 0   368.0901946 4.2539966e+05 
 0   368.1106278 4.2535278e+05 
 0   368.1310611 4.2541228e+05 
 0   368.1514944 4.2539850e+05 
 0   368.1719277 4.2532500e+05 
 0   368.1923610 4.2537728e+05 
 0   368.2127943 4.2537566e+05 
 0   368.2332276 4.2534891e+05 
 0   368.2536609 4.2539662e+05 
 0   368.2740942 4.2540422e+05 
 0   368.2945276 4.2535938e+05 
 0   368.3149608 4.2536953e+05 
 0   368.3353942 4.2535081e+05 
 0   368.3558276 4.2537334e+05 
 0   368.3762608 4.2536975e+05 
 0   368.3966941 4.2535666e+05 
 0   368.4171273 4.2536953e+05 
 0   368.4375607 4.2537259e+05 
 0   368.4579940 4.2534719e+05 
 0   368.4784272 4.2536153e+05 
 0   368.4988606 4.2538928e+05 
 0   368.5192939 4.2532684e+05 
 0   368.5397272 4.2536012e+05 
 0   368.5601605 4.2532672e+05 
 0   368.5805938 4.2536591e+05 
 0   368.6010270 4.2537156e+05 
 0   368.6214604 4.2536212e+05 
 0   368.6418937 4.2537041e+05 
 0   368.6623270 4.2534003e+05 
 0   368.6827603 4.2535184e+05 
 0   368.7031937 4.2538981e+05 
 0   368.7236269 4.2536778e+05 
 0   368.7440602 4.2534381e+05 
 0   368.7644936 4.2539044e+05 
 0   368.7849268 4.2538181e+05 
 0   368.8053601 4.2535194e+05 
 0   368.8257935 4.2540088e+05 
 0   368.8462267 4.2538109e+05 
 0   368.8666600 4.2534772e+05 
 0   368.8870933 4.2535778e+05 
 0   368.9075268 4.2538534e+05 
 0   368.9279600 4.2536262e+05 
 0   368.9483933 4.2538753e+05 
 0   368.9688267 4.2537625e+05 
 0   368.9892599 4.2535744e+05 
 0   369.0096932 4.2539997e+05 
 0   369.0301266 4.2538131e+05 
 0   369.0505598 4.2533712e+05 
 0   369.0709932 4.2537541e+05 
 0   369.0914266 4.2539881e+05 
 0   369.1118598 4.2535169e+05 
 0   369.1322931 4.2532462e+05 
 0   369.1527264 4.2534612e+05 
 0   369.1731598 4.2533672e+05 
 0   369.1935930 4.2539247e+05 
 0   369.2140263 4.2537081e+05 
 0   369.2344598 4.2537000e+05 
 0   369.2548930 4.2537616e+05 
 0   369.2753263 4.2538512e+05 
 0   369.2957597 4.2536769e+05 
 0   369.3161929 4.2539297e+05 
 0   369.3366262 4.2533378e+05 
 0   369.3570596 4.2535016e+05 
 0   369.3774929 4.2535375e+05 
 0   369.3979262 4.2535484e+05 
 0   369.4183595 4.2534969e+05 
 0   369.4387928 4.2539662e+05 
 0   369.4592261 4.2538406e+05 
 0   369.4796594 4.2537147e+05 
 0   369.5000928 4.2536784e+05 
 0   369.5205261 4.2534975e+05 
 0   369.5409594 4.2539334e+05 
 0   369.5613927 4.2534712e+05 
 0   369.5818260 4.2534256e+05 
 0   369.6022593 4.2539816e+05 
 0   369.6226927 4.2541297e+05 
 0   369.6431260 4.2537316e+05 
 0   369.6635592 4.2536125e+05 
 0   369.6839925 4.2537272e+05 
 0   369.7044259 4.2537166e+05 
 0   369.7248593 4.2537772e+05 
 0   369.7452925 4.2536969e+05 
 0   369.7657259 4.2538000e+05 
 0   369.7861592 4.2502909e+05 
 0   369.8065925 4.2083409e+05 
 0   369.8270259 4.1935191e+05 
 0   369.8474592 4.2194109e+05 
 0   369.8678924 4.2528734e+05 
 0   369.8883257 4.2535847e+05 
 0   369.9087592 4.2537066e+05 
 0   369.9291924 4.2532931e+05 
 0   369.9496257 4.2537709e+05 
 0   369.9700591 4.2536709e+05 
 0   369.9904923 4.2535694e+05 
 0   370.0109257 4.2539981e+05 
 0   370.0313591 4.2534241e+05 
 0   370.0517924 4.2538847e+05 
 0   370.0722256 4.2535769e+05 
 0   370.0926591 4.2534491e+05 
 0   370.1130924 4.2541472e+05 
 0   370.1539589 4.2539850e+05 
 0   370.1743924 4.2537134e+05 
 0   370.1948256 4.2534406e+05 
 0   370.2152589 4.2535694e+05 
 0   370.2356923 4.2539319e+05 
 0   370.2561256 4.2536641e+05 
 0   370.2765589 4.2539066e+05 
 0   370.2969923 4.2537047e+05 
 0   370.3378589 4.2538888e+05 
 0   370.3582922 4.2538169e+05 
 0   370.3787255 4.2538772e+05 
 0   370.3991588 4.2534547e+05 
 0   370.4195922 4.2540544e+05 
 0   370.4400255 4.2537269e+05 
 0   370.4604588 4.2541350e+05 
 0   370.4808921 4.2537288e+05 
 0   370.5013255 4.2536103e+05 
 0   370.5217588 4.2543269e+05 
 0   370.5421920 4.2538738e+05 
 0   370.5626255 4.2537094e+05 
 0   370.5830588 4.2537869e+05 
 0   370.6034921 4.2544544e+05 
 0   370.6239255 4.2536666e+05 
 0   370.6443588 4.2536631e+05 
 0   370.6647921 4.2540028e+05 
 0   370.6852254 4.2535794e+05 
 0   370.7056588 4.2537784e+05 
 0   370.7260921 4.2535197e+05 
 0   370.7465253 4.2539816e+05 
 0   370.7669588 4.2539359e+05 
 0   370.7873921 4.2539109e+05 
 0   370.8078253 4.2538347e+05 
 0   370.8282588 4.2536244e+05 
 0   370.8486921 4.2536425e+05 
 0   370.8691253 4.2541184e+05 
 0   370.8895588 4.2537184e+05 
 0   370.9099921 4.2540300e+05 
 0   370.9304254 4.2535862e+05 
 0   370.9508587 4.2536334e+05 
 0   370.9712921 4.2537709e+05 
 0   370.9917254 4.2538988e+05 
 0   371.0121587 4.2541541e+05 
 0   371.0325921 4.2538903e+05 
 0   371.0530254 4.2532262e+05 
 0   371.0734587 4.2533416e+05 
 0   371.0938921 4.2534666e+05 
 0   371.1143255 4.2533422e+05 
 0   371.1347587 4.2537434e+05 
 0   371.1551920 4.2538469e+05 
 0   371.1756255 4.2539634e+05 
 0   371.1960587 4.2535900e+05 
 0   371.2164920 4.2536575e+05 
 0   371.2369254 4.2537741e+05 
 0   371.2573587 4.2535384e+05 
 0   371.2982255 4.2539247e+05 
 0   371.3186587 4.2532294e+05 
 0   371.3390921 4.2535878e+05 
 0   371.3595255 4.2538456e+05 
 0   371.3799587 4.2537450e+05 
 0   371.4003921 4.2534362e+05 
 0   371.4208253 4.2540378e+05 
 0   371.4412588 4.2536738e+05 
 0   371.4616921 4.2536472e+05 
 0   371.4821254 4.2535650e+05 
 0   371.5025588 4.2537950e+05 
 0   371.5229921 4.2538469e+05 
 0   371.5434255 4.2539059e+05 
 0   371.5638588 4.2534512e+05 
 0   371.5842921 4.2538631e+05 
 0   371.6047255 4.2539259e+05 
 0   371.6251589 4.2536972e+05 
 0   371.6455922 4.2537350e+05 
 0   371.6660255 4.2537906e+05 
 0   371.6864587 4.2538253e+05 
 0   371.7068922 4.2536491e+05 
 0   371.7273255 4.2541997e+05 
 0   371.7477588 4.2533472e+05 
 0   371.7681922 4.2542147e+05 
 0   371.7886256 4.2536353e+05 
 0   371.8090589 4.2540381e+05 
 0   371.8294922 4.2540941e+05 
 0   371.8499256 4.2536678e+05 
 0   371.8703589 4.2534725e+05 
 0   371.8907923 4.2537362e+05 
 0   371.9112256 4.2542772e+05 
 0   371.9316590 4.2540378e+05 
 0   371.9520922 4.2540966e+05 
 0   371.9725257 4.2531094e+05 
 0   371.9929590 4.2540072e+05 
 0   372.0133922 4.2539684e+05 
 0   372.0338257 4.2542122e+05 
 0   372.0542590 4.2538862e+05 
 0   372.0746923 4.2538481e+05 
 0   372.0951257 4.2538103e+05 
 0   372.1155590 4.2540422e+05 
 0   372.1359923 4.2538775e+05 
 0   372.1564258 4.2540750e+05 
 0   372.1768591 4.2541178e+05 
 0   372.1972924 4.2540984e+05 
 0   372.2177257 4.2540856e+05 
 0   372.2381592 4.2541934e+05 
 0   372.2585924 4.2483834e+05 
 0   372.2790258 4.2058122e+05 
 0   372.2994592 4.1948491e+05 
 0   372.3198925 4.2237941e+05 
 0   372.3403258 4.2520841e+05 
 0   372.3607593 4.2546428e+05 
 0   372.3811925 4.2538756e+05 
 0   372.4016259 4.2540603e+05 
 0   372.4220592 4.2544950e+05 
 0   372.4424927 4.2538509e+05 
 0   372.4629259 4.2544197e+05 
 0   372.4833593 4.2541275e+05 
 0   372.5037927 4.2537881e+05 
 0   372.5242260 4.2540894e+05 
 0   372.5446593 4.2541606e+05 
 0   372.5650928 4.2537903e+05 
 0   372.5855260 4.2545009e+05 
 0   372.6059594 4.2542372e+05 
 0   372.6263928 4.2536497e+05 
 0   372.6468261 4.2543800e+05 
 0   372.6672594 4.2541103e+05 
 0   372.6876928 4.2539288e+05 
 0   372.7081261 4.2541531e+05 
 0   372.7285595 4.2540178e+05 
 0   372.7489928 4.2540141e+05 
 0   372.7694263 4.2534909e+05 
 0   372.7898596 4.2541341e+05 
 0   372.8102929 4.2534300e+05 
 0   372.8307263 4.2541744e+05 
 0   372.8511596 4.2540616e+05 
 0   372.8715930 4.2542578e+05 
 0   372.8920263 4.2541059e+05 
 0   372.9124597 4.2541841e+05 
 0   372.9328930 4.2543784e+05 
 0   372.9533263 4.2542038e+05 
 0   372.9737598 4.2541069e+05 
 0   372.9941930 4.2542166e+05 
 0   373.0146264 4.2539575e+05 
 0   373.0350598 4.2539472e+05 
 0   373.0554932 4.2540297e+05 
 0   373.0759264 4.2542662e+05 
 0   373.0963599 4.2540322e+05 
 0   373.1167933 4.2543431e+05 
 0   373.1372265 4.2545678e+05 
 0   373.1576600 4.2541062e+05 
 0   373.1780933 4.2545409e+05 
 0   373.1985266 4.2543919e+05 
 0   373.2189600 4.2542800e+05 
