\fixlen = T
|set|TIME        |PDCSAP_FLUX  |
|int|double      |double       |
 0   1559.2468842 3.9635509e+05 
 0   1559.2673183 3.9634134e+05 
 0   1559.2877525 3.9634972e+05 
 0   1559.3081865 3.9631778e+05 
 0   1559.3286206 3.9636469e+05 
 0   1559.3490549 3.9637244e+05 
 0   1559.3694889 3.9635812e+05 
 0   1559.3899231 3.9637612e+05 
 0   1559.4103572 3.9640022e+05 
 0   1559.4307913 3.9635753e+05 
 0   1559.4512254 3.9636575e+05 
 0   1559.4716595 3.9637328e+05 
 0   1559.4920936 3.9634897e+05 
 0   1559.5125277 3.9632653e+05 
 0   1559.5329619 3.9633838e+05 
 0   1559.5533960 3.9634844e+05 
 0   1559.5738301 3.9631769e+05 
 0   1559.5942642 3.9630441e+05 
 0   1559.6146983 3.9631269e+05 
 0   1559.6351324 3.9631041e+05 
 0   1559.6555665 3.9631512e+05 
 0   1559.6760007 3.9630412e+05 
 0   1559.6964348 3.9629847e+05 
 0   1559.7168689 3.9632772e+05 
 0   1559.7373031 3.9633362e+05 
 0   1559.7577371 3.9632812e+05 
 0   1559.7781713 3.9636916e+05 
 0   1559.7986054 3.9632100e+05 
 0   1559.8190394 3.9632872e+05 
 0   1559.8394736 3.9631047e+05 
 0   1559.8599078 3.9633828e+05 
 0   1559.8803418 3.9633981e+05 
 0   1559.9007760 3.9632891e+05 
 0   1559.9212101 3.9631262e+05 
 0   1559.9416443 3.9631238e+05 
 0   1559.9620783 3.9632394e+05 
 0   1559.9825124 3.9632803e+05 
 0   1560.0029467 3.9630262e+05 
 0   1560.0233807 3.9628806e+05 
 0   1560.0438148 3.9630894e+05 
 0   1560.0642490 3.9629269e+05 
 0   1560.0846830 3.9629653e+05 
 0   1560.1051172 3.9631728e+05 
 0   1560.1255514 3.9626656e+05 
 0   1560.1459854 3.9632331e+05 
 0   1560.1664196 3.9628231e+05 
 0   1560.1868537 3.9628756e+05 
 0   1560.2072877 3.9632800e+05 
 0   1560.2277219 3.9632694e+05 
 0   1560.2481561 3.9629228e+05 
 0   1560.2685901 3.9629981e+05 
 0   1560.2890243 3.9631141e+05 
 0   1560.3094584 3.9628566e+05 
 0   1560.3298925 3.9631034e+05 
 0   1560.3503266 3.9627869e+05 
 0   1560.3707608 3.9634647e+05 
 0   1560.3911950 3.9630562e+05 
 0   1560.4116290 3.9628988e+05 
 0   1560.4320631 3.9628559e+05 
 0   1560.4524973 3.9630650e+05 
 0   1560.4729313 3.9629666e+05 
 0   1560.4933656 3.9629284e+05 
 0   1560.5137997 3.9628394e+05 
 0   1560.5342337 3.9628850e+05 
 0   1560.5546679 3.9629609e+05 
 0   1560.5751020 3.9631525e+05 
 0   1560.5955361 3.9628594e+05 
 0   1560.6159703 3.9628022e+05 
 0   1560.6364044 3.9330025e+05 
 0   1560.6568385 3.9069628e+05 
 0   1560.6772726 3.9191556e+05 
 0   1560.6977068 3.9584569e+05 
 0   1560.7385750 3.9629753e+05 
 0   1560.7590091 3.9631162e+05 
 0   1560.7794433 3.9632262e+05 
 0   1560.7998774 3.9630109e+05 
 0   1560.8203115 3.9632334e+05 
 0   1560.8407457 3.9630419e+05 
 0   1560.9633504 3.9643384e+05 
 0   1560.9837844 3.9626247e+05 
 0   1561.0042187 3.9629944e+05 
 0   1561.0246528 3.9621788e+05 
 0   1561.0450870 3.9616519e+05 
 0   1561.0655210 3.9630141e+05 
 0   1561.0859552 3.9631747e+05 
 0   1561.1063894 3.9631278e+05 
 0   1561.1268234 3.9634288e+05 
 0   1561.1472575 3.9634147e+05 
 0   1561.1676917 3.9633912e+05 
 0   1561.1881258 3.9630694e+05 
 0   1561.2085599 3.9631406e+05 
 0   1561.2289941 3.9626756e+05 
 0   1561.2494281 3.9627166e+05 
 0   1561.2698624 3.9630897e+05 
 0   1561.2902965 3.9632453e+05 
 0   1561.3107306 3.9634238e+05 
 0   1561.3311647 3.9634462e+05 
 0   1561.3515989 3.9628800e+05 
 0   1561.3720330 3.9631653e+05 
 0   1561.3924671 3.9633553e+05 
 0   1561.4129012 3.9631200e+05 
 0   1561.4333355 3.9629128e+05 
 0   1561.4537695 3.9631178e+05 
 0   1561.4742036 3.9631912e+05 
 0   1561.4946377 3.9630256e+05 
 0   1561.5150719 3.9631303e+05 
 0   1561.5355060 3.9634134e+05 
 0   1561.5559402 3.9629244e+05 
 0   1561.5763742 3.9635391e+05 
 0   1561.5968084 3.9630984e+05 
 0   1561.6172426 3.9628688e+05 
 0   1561.6376766 3.9630672e+05 
 0   1561.6581108 3.9632894e+05 
 0   1561.6785450 3.9630922e+05 
 0   1561.6989790 3.9627259e+05 
 0   1561.7194132 3.9633925e+05 
 0   1561.7398473 3.9626900e+05 
 0   1561.7602814 3.9629094e+05 
 0   1561.7807156 3.9630091e+05 
 0   1561.8011497 3.9634653e+05 
 0   1561.8215840 3.9634428e+05 
 0   1561.8420180 3.9627128e+05 
 0   1561.8624521 3.9632212e+05 
 0   1561.8828863 3.9625416e+05 
 0   1561.9033204 3.9625922e+05 
 0   1561.9237545 3.9627594e+05 
 0   1561.9441887 3.9626794e+05 
 0   1561.9646228 3.9627019e+05 
 0   1561.9850569 3.9628862e+05 
 0   1562.0054911 3.9630616e+05 
 0   1562.0259252 3.9628091e+05 
 0   1562.0463594 3.9629631e+05 
 0   1562.0667935 3.9627719e+05 
 0   1562.0872275 3.9629853e+05 
 0   1562.1076618 3.9627991e+05 
 0   1562.1280959 3.9631297e+05 
 0   1562.1485299 3.9629794e+05 
 0   1562.1689641 3.9626478e+05 
 0   1562.1893983 3.9625941e+05 
 0   1562.2098325 3.9624703e+05 
 0   1562.2302665 3.9631322e+05 
 0   1562.2507007 3.9629359e+05 
 0   1562.2711349 3.9627638e+05 
 0   1562.2915689 3.9626069e+05 
 0   1562.3120031 3.9625838e+05 
 0   1562.3324373 3.9631428e+05 
 0   1562.3528713 3.9629731e+05 
 0   1562.3733056 3.9627062e+05 
 0   1562.3937397 3.9629112e+05 
 0   1562.4141737 3.9629909e+05 
 0   1562.4346079 3.9631650e+05 
 0   1562.4550421 3.9628881e+05 
 0   1562.4754761 3.9625938e+05 
 0   1562.4959103 3.9628341e+05 
 0   1562.5163445 3.9633844e+05 
 0   1562.5367786 3.9629156e+05 
 0   1562.5572127 3.9630572e+05 
 0   1562.5776469 3.9631772e+05 
 0   1562.5980811 3.9630397e+05 
 0   1562.6185151 3.9632625e+05 
 0   1562.6389493 3.9632525e+05 
 0   1562.6593835 3.9626278e+05 
 0   1562.6798176 3.9632484e+05 
 0   1562.7002517 3.9634028e+05 
 0   1562.7206859 3.9628950e+05 
 0   1562.7411199 3.9628334e+05 
 0   1562.7615542 3.9627891e+05 
 0   1562.7819883 3.9628944e+05 
 0   1562.8024223 3.9631616e+05 
 0   1562.8228566 3.9624684e+05 
 0   1562.8432907 3.9629278e+05 
 0   1562.8637247 3.9626962e+05 
 0   1562.8841590 3.9630450e+05 
 0   1562.9045931 3.9628712e+05 
 0   1562.9250271 3.9626422e+05 
 0   1562.9454614 3.9631378e+05 
 0   1562.9658955 3.9629097e+05 
 0   1562.9863298 3.9626059e+05 
 0   1563.0067638 3.9627144e+05 
 0   1563.0271979 3.9628259e+05 
 0   1563.0476322 3.9625084e+05 
 0   1563.0680662 3.9627803e+05 
 0   1563.0885003 3.9617816e+05 
 0   1563.1089346 3.9285112e+05 
 0   1563.1293686 3.9063928e+05 
 0   1563.1498028 3.9223466e+05 
 0   1563.1702370 3.9603669e+05 
 0   1563.1906711 3.9627916e+05 
 0   1563.2111052 3.9630016e+05 
 0   1563.2315394 3.9628375e+05 
 0   1563.2519735 3.9630097e+05 
 0   1563.2724077 3.9626912e+05 
 0   1563.2928418 3.9630441e+05 
 0   1563.3132759 3.9627325e+05 
 0   1563.3337102 3.9629988e+05 
 0   1563.3541442 3.9630006e+05 
 0   1563.3745783 3.9628081e+05 
 0   1563.3950125 3.9632562e+05 
 0   1563.4154466 3.9628247e+05 
 0   1563.4358809 3.9628591e+05 
 0   1563.4563149 3.9629303e+05 
 0   1563.4767490 3.9628556e+05 
 0   1563.4971833 3.9623669e+05 
 0   1563.5176173 3.9629284e+05 
 0   1563.5380516 3.9629594e+05 
 0   1563.5584857 3.9626884e+05 
 0   1563.5789197 3.9629869e+05 
 0   1563.5993540 3.9627891e+05 
 0   1563.6197881 3.9628650e+05 
 0   1563.6402221 3.9631706e+05 
 0   1563.6606564 3.9628556e+05 
 0   1563.6810905 3.9629484e+05 
 0   1563.7219588 3.9626947e+05 
 0   1563.7423929 3.9626272e+05 
 0   1563.7628272 3.9626569e+05 
 0   1563.7832612 3.9627197e+05 
 0   1563.8036954 3.9625956e+05 
 0   1563.8241296 3.9626103e+05 
 0   1563.8445638 3.9627709e+05 
 0   1563.8649978 3.9626606e+05 
 0   1563.8854320 3.9629953e+05 
 0   1563.9058662 3.9628866e+05 
 0   1563.9263003 3.9627519e+05 
 0   1563.9467345 3.9624597e+05 
 0   1563.9671686 3.9627112e+05 
 0   1563.9876027 3.9624853e+05 
 0   1564.0080369 3.9625931e+05 
 0   1564.0284710 3.9627597e+05 
 0   1564.0489052 3.9629731e+05 
 0   1564.0693393 3.9628400e+05 
 0   1564.0897736 3.9622950e+05 
 0   1564.1102076 3.9628272e+05 
 0   1564.1306417 3.9631684e+05 
 0   1564.1510760 3.9627081e+05 
 0   1564.1715100 3.9627606e+05 
 0   1564.1919442 3.9627428e+05 
 0   1564.2123784 3.9625669e+05 
 0   1564.2328125 3.9628059e+05 
 0   1564.2532466 3.9628612e+05 
 0   1564.2736808 3.9629769e+05 
 0   1564.2941149 3.9626288e+05 
 0   1564.3145491 3.9626744e+05 
 0   1564.3349833 3.9627550e+05 
 0   1564.3554173 3.9627438e+05 
 0   1564.3758516 3.9628669e+05 
 0   1564.3962857 3.9628591e+05 
 0   1564.4167198 3.9626988e+05 
 0   1564.4371540 3.9629319e+05 
 0   1564.4575881 3.9627400e+05 
 0   1564.4780224 3.9627822e+05 
 0   1564.4984565 3.9628769e+05 
 0   1564.5188906 3.9625862e+05 
 0   1564.5393248 3.9625884e+05 
 0   1564.5597590 3.9629094e+05 
 0   1564.5801930 3.9628922e+05 
 0   1564.6006273 3.9625175e+05 
 0   1564.6210614 3.9626669e+05 
 0   1564.6414954 3.9628969e+05 
 0   1564.6619297 3.9624912e+05 
 0   1564.6823637 3.9626172e+05 
 0   1564.7027980 3.9631625e+05 
 0   1564.7232321 3.9626622e+05 
 0   1564.7436662 3.9628453e+05 
 0   1564.7641004 3.9631791e+05 
 0   1564.7845346 3.9627734e+05 
 0   1564.8049686 3.9629253e+05 
 0   1564.8254029 3.9626231e+05 
 0   1564.8458370 3.9627500e+05 
 0   1564.8662713 3.9626028e+05 
 0   1564.8867053 3.9626034e+05 
 0   1564.9071395 3.9628838e+05 
 0   1564.9275737 3.9628712e+05 
 0   1564.9480078 3.9626453e+05 
 0   1564.9684419 3.9626988e+05 
 0   1564.9888761 3.9623319e+05 
 0   1565.0093102 3.9626956e+05 
 0   1565.0297443 3.9627938e+05 
 0   1565.0501786 3.9626634e+05 
 0   1565.0706127 3.9628188e+05 
 0   1565.0910469 3.9623094e+05 
 0   1565.1114810 3.9627278e+05 
 0   1565.1319152 3.9625244e+05 
 0   1565.1523493 3.9626156e+05 
 0   1565.1727835 3.9627644e+05 
 0   1565.1932176 3.9626209e+05 
 0   1565.2136519 3.9625122e+05 
 0   1565.2340859 3.9625569e+05 
 0   1565.2545202 3.9627897e+05 
 0   1565.2749543 3.9624638e+05 
 0   1565.2953884 3.9624244e+05 
 0   1565.3158226 3.9624778e+05 
 0   1565.3362567 3.9627438e+05 
 0   1565.3566908 3.9625231e+05 
 0   1565.3771251 3.9627803e+05 
 0   1565.3975591 3.9626669e+05 
 0   1565.4179933 3.9627409e+05 
 0   1565.4384275 3.9625716e+05 
 0   1565.4588616 3.9626341e+05 
 0   1565.4792958 3.9624778e+05 
 0   1565.4997300 3.9623397e+05 
 0   1565.5201640 3.9628203e+05 
 0   1565.5405983 3.9627475e+05 
 0   1565.5610324 3.9606066e+05 
 0   1565.5814666 3.9241019e+05 
 0   1565.6019008 3.9057978e+05 
 0   1565.6223349 3.9253388e+05 
 0   1565.6427692 3.9609941e+05 
 0   1565.6632032 3.9625838e+05 
 0   1565.6836374 3.9629394e+05 
 0   1565.7040716 3.9626862e+05 
 0   1565.7245058 3.9624847e+05 
 0   1565.7449398 3.9626856e+05 
 0   1565.7653741 3.9627188e+05 
 0   1565.7858082 3.9626394e+05 
 0   1565.8062424 3.9625956e+05 
 0   1565.8266765 3.9626862e+05 
 0   1565.8471107 3.9623550e+05 
 0   1565.8675449 3.9624038e+05 
 0   1565.8879790 3.9629181e+05 
 0   1565.9084131 3.9624681e+05 
 0   1565.9288474 3.9627469e+05 
 0   1565.9492815 3.9628938e+05 
 0   1565.9697156 3.9625516e+05 
 0   1565.9901498 3.9626012e+05 
 0   1566.0105839 3.9626128e+05 
 0   1566.0310182 3.9622631e+05 
 0   1566.0514522 3.9624516e+05 
 0   1566.0718864 3.9624775e+05 
 0   1566.0923206 3.9624916e+05 
 0   1566.1127547 3.9620306e+05 
 0   1566.1331888 3.9627953e+05 
 0   1566.1536231 3.9628534e+05 
 0   1566.1740572 3.9625356e+05 
 0   1566.1944914 3.9627059e+05 
 0   1566.2149256 3.9624825e+05 
 0   1566.2353596 3.9628006e+05 
 0   1566.2557939 3.9624972e+05 
 0   1566.2762280 3.9625491e+05 
 0   1566.2966622 3.9626578e+05 
 0   1566.3170963 3.9625425e+05 
 0   1566.3375305 3.9629491e+05 
 0   1566.3579647 3.9625978e+05 
 0   1566.3783989 3.9624681e+05 
 0   1566.3988330 3.9628244e+05 
 0   1566.4192672 3.9627594e+05 
 0   1566.4397014 3.9626712e+05 
 0   1566.4601354 3.9627959e+05 
 0   1566.4805697 3.9630544e+05 
 0   1566.5010039 3.9626075e+05 
 0   1566.5214379 3.9626266e+05 
 0   1566.5418722 3.9622638e+05 
 0   1566.5623063 3.9625778e+05 
 0   1566.5827405 3.9627856e+05 
 0   1566.6031746 3.9629231e+05 
 0   1566.6236087 3.9623750e+05 
 0   1566.6440430 3.9627028e+05 
 0   1566.6644771 3.9624850e+05 
 0   1566.7053454 3.9624947e+05 
 0   1566.7257796 3.9622988e+05 
 0   1566.7462138 3.9624872e+05 
 0   1566.7666479 3.9627653e+05 
 0   1566.7870821 3.9624247e+05 
 0   1566.8075163 3.9627081e+05 
 0   1566.8279504 3.9624494e+05 
 0   1566.8483846 3.9627316e+05 
 0   1566.8688188 3.9627856e+05 
 0   1566.8892530 3.9627106e+05 
 0   1566.9096870 3.9622778e+05 
 0   1566.9301213 3.9625247e+05 
 0   1566.9505555 3.9625697e+05 
 0   1566.9709896 3.9624575e+05 
 0   1566.9914238 3.9627078e+05 
 0   1567.0118579 3.9624778e+05 
 0   1567.0322921 3.9626303e+05 
 0   1567.0527263 3.9624506e+05 
 0   1567.0731604 3.9623503e+05 
 0   1567.0935947 3.9627719e+05 
 0   1567.1140287 3.9626384e+05 
 0   1567.1344630 3.9624747e+05 
 0   1567.1548972 3.9627016e+05 
 0   1567.1753312 3.9624847e+05 
 0   1567.1957655 3.9624312e+05 
 0   1567.2161996 3.9627441e+05 
 0   1567.2366337 3.9621956e+05 
 0   1567.2570680 3.9626641e+05 
 0   1567.2775020 3.9630906e+05 
 0   1567.2979362 3.9623644e+05 
 0   1567.3183705 3.9622188e+05 
 0   1567.3388045 3.9625766e+05 
 0   1567.3592388 3.9621509e+05 
 0   1567.3796729 3.9625059e+05 
 0   1567.4001070 3.9625644e+05 
 0   1567.4205413 3.9623772e+05 
 0   1567.4409754 3.9626597e+05 
 0   1567.4614096 3.9625484e+05 
 0   1567.4818438 3.9627591e+05 
 0   1567.5022779 3.9627250e+05 
 0   1567.5227122 3.9627634e+05 
 0   1567.5431462 3.9627750e+05 
 0   1567.5635804 3.9626122e+05 
 0   1567.5840147 3.9624484e+05 
 0   1567.6044488 3.9626794e+05 
 0   1567.6248829 3.9625991e+05 
 0   1567.6453172 3.9627078e+05 
 0   1567.6657513 3.9620672e+05 
 0   1567.6861854 3.9624081e+05 
 0   1567.7066197 3.9623403e+05 
 0   1567.7270538 3.9621897e+05 
 0   1567.7474881 3.9622822e+05 
 0   1567.7679222 3.9624059e+05 
 0   1567.7883563 3.9624444e+05 
 0   1567.8087906 3.9628169e+05 
 0   1567.8292246 3.9624397e+05 
 0   1567.8496588 3.9623794e+05 
 0   1567.8700931 3.9624706e+05 
 0   1567.8905271 3.9627875e+05 
 0   1567.9109614 3.9624362e+05 
 0   1567.9313955 3.9627159e+05 
 0   1567.9518296 3.9622125e+05 
 0   1567.9722639 3.9621738e+05 
 0   1567.9926980 3.9627334e+05 
 0   1568.0131321 3.9622647e+05 
 0   1568.0335664 3.9593850e+05 
 0   1568.0540005 3.9201247e+05 
 0   1568.0744346 3.9061897e+05 
 0   1568.0948689 3.9298850e+05 
 0   1568.1153031 3.9621153e+05 
 0   1568.1357372 3.9624550e+05 
 0   1568.1561714 3.9626891e+05 
 0   1568.1766056 3.9623291e+05 
 0   1568.1970397 3.9626191e+05 
 0   1568.2174739 3.9623972e+05 
 0   1568.2379081 3.9626144e+05 
 0   1568.2583423 3.9625775e+05 
 0   1568.2787764 3.9626200e+05 
 0   1568.2992107 3.9625462e+05 
 0   1568.3196448 3.9629631e+05 
 0   1568.3400789 3.9626969e+05 
 0   1568.3605132 3.9626300e+05 
 0   1568.3809474 3.9623888e+05 
 0   1568.4013814 3.9624075e+05 
 0   1568.4218157 3.9625028e+05 
 0   1568.4422499 3.9625053e+05 
 0   1568.4626839 3.9621625e+05 
 0   1568.4831182 3.9624634e+05 
 0   1568.5035524 3.9623988e+05 
 0   1568.5239866 3.9628256e+05 
 0   1568.5444207 3.9620962e+05 
 0   1568.5648548 3.9624819e+05 
 0   1568.5852890 3.9626362e+05 
 0   1568.6057232 3.9623884e+05 
 0   1568.6261574 3.9627981e+05 
 0   1568.6465916 3.9626341e+05 
 0   1568.6670257 3.9623797e+05 
 0   1568.6874600 3.9623516e+05 
 0   1568.7078941 3.9625016e+05 
 0   1568.7283282 3.9623169e+05 
 0   1568.7487625 3.9624878e+05 
 0   1568.7691967 3.9624169e+05 
 0   1568.7896307 3.9625594e+05 
 0   1568.8100650 3.9625075e+05 
 0   1568.8304992 3.9626353e+05 
 0   1568.8509334 3.9626519e+05 
 0   1568.8713675 3.9622369e+05 
 0   1568.8918017 3.9621562e+05 
 0   1568.9122360 3.9627625e+05 
 0   1568.9326700 3.9621656e+05 
 0   1568.9531042 3.9625666e+05 
 0   1568.9735385 3.9624953e+05 
 0   1568.9939726 3.9625294e+05 
 0   1569.0144067 3.9625225e+05 
 0   1569.0348410 3.9620022e+05 
 0   1569.0552751 3.9622734e+05 
 0   1569.0757093 3.9627166e+05 
 0   1569.0961435 3.9624775e+05 
 0   1569.1165776 3.9622628e+05 
 0   1569.1370119 3.9623566e+05 
 0   1569.1574460 3.9626675e+05 
 0   1569.1778801 3.9625225e+05 
 0   1569.1983144 3.9625659e+05 
 0   1569.2187485 3.9626897e+05 
 0   1569.2391827 3.9625203e+05 
 0   1569.2596169 3.9622412e+05 
 0   1569.2800510 3.9622803e+05 
 0   1569.3004852 3.9622581e+05 
 0   1569.3209194 3.9626203e+05 
 0   1569.3413536 3.9622500e+05 
 0   1569.3617878 3.9622394e+05 
 0   1569.3822219 3.9625469e+05 
 0   1569.4026561 3.9624872e+05 
 0   1569.4230903 3.9626544e+05 
 0   1569.4435245 3.9621919e+05 
 0   1569.4639587 3.9620047e+05 
 0   1569.4843929 3.9623309e+05 
 0   1569.5048270 3.9624372e+05 
 0   1569.5252613 3.9624581e+05 
 0   1569.5456954 3.9620688e+05 
 0   1569.5661295 3.9624091e+05 
 0   1569.5865638 3.9627031e+05 
 0   1569.6069980 3.9624016e+05 
 0   1569.6274322 3.9627391e+05 
 0   1569.6478663 3.9620644e+05 
 0   1569.6887348 3.9621547e+05 
 0   1569.7091688 3.9622384e+05 
 0   1569.7296030 3.9622731e+05 
 0   1569.7500373 3.9622844e+05 
 0   1569.7704714 3.9618850e+05 
 0   1569.7909055 3.9623566e+05 
 0   1569.8113398 3.9625038e+05 
 0   1569.8317739 3.9623722e+05 
 0   1569.8522082 3.9624791e+05 
 0   1569.8726423 3.9624416e+05 
 0   1569.8930764 3.9621022e+05 
 0   1569.9135107 3.9620875e+05 
 0   1569.9339448 3.9620356e+05 
 0   1569.9543790 3.9626681e+05 
 0   1569.9748132 3.9622212e+05 
 0   1569.9952474 3.9622916e+05 
 0   1570.0156816 3.9624181e+05 
 0   1570.0361158 3.9624447e+05 
 0   1570.0565499 3.9621984e+05 
 0   1570.0769841 3.9621566e+05 
 0   1570.0974183 3.9622553e+05 
 0   1570.1178525 3.9623206e+05 
 0   1570.1382868 3.9621050e+05 
 0   1570.1587208 3.9626291e+05 
 0   1570.1791551 3.9626772e+05 
 0   1570.1995893 3.9624731e+05 
 0   1570.2200234 3.9625200e+05 
 0   1570.2404576 3.9626506e+05 
 0   1570.2608918 3.9622584e+05 
 0   1570.2813259 3.9623325e+05 
 0   1570.3017602 3.9625516e+05 
 0   1570.3221944 3.9627850e+05 
 0   1570.3426284 3.9622097e+05 
 0   1570.3630627 3.9623444e+05 
 0   1570.3834969 3.9625256e+05 
 0   1570.4039311 3.9624334e+05 
 0   1570.4243653 3.9622638e+05 
 0   1570.4447994 3.9621881e+05 
 0   1570.4652336 3.9625816e+05 
 0   1570.4856678 3.9620488e+05 
 0   1570.5061020 3.9568884e+05 
 0   1570.5265362 3.9170184e+05 
 0   1570.5469703 3.9066066e+05 
 0   1570.5674046 3.9343697e+05 
 0   1570.5878387 3.9619506e+05 
 0   1570.6082729 3.9625422e+05 
 0   1570.6287072 3.9621972e+05 
 0   1570.6491413 3.9624222e+05 
 0   1570.6695754 3.9623191e+05 
 0   1570.6900097 3.9624262e+05 
 0   1570.7104439 3.9623959e+05 
 0   1570.7308780 3.9626500e+05 
 0   1570.7513123 3.9626388e+05 
 0   1570.7717464 3.9627091e+05 
 0   1570.7921807 3.9624581e+05 
 0   1570.8126148 3.9627200e+05 
 0   1570.8330490 3.9618419e+05 
 0   1570.8534833 3.9625003e+05 
 0   1570.8739173 3.9626562e+05 
 0   1570.8943515 3.9624772e+05 
 0   1570.9147858 3.9625806e+05 
 0   1570.9352199 3.9621853e+05 
 0   1570.9556542 3.9623388e+05 
 0   1570.9760884 3.9626441e+05 
 0   1570.9965224 3.9622109e+05 
 0   1571.0169567 3.9625988e+05 
 0   1571.0373909 3.9622434e+05 
 0   1571.0578250 3.9624656e+05 
 0   1571.0782593 3.9625288e+05 
 0   1571.0986934 3.9623112e+05 
 0   1571.1191275 3.9626819e+05 
 0   1571.1395618 3.9626306e+05 
 0   1571.1599960 3.9622644e+05 
 0   1571.1804302 3.9625947e+05 
 0   1571.2008644 3.9624234e+05 
 0   1571.2212986 3.9625325e+05 
 0   1571.2417327 3.9627612e+05 
 0   1571.2621669 3.9625475e+05 
 0   1571.2826011 3.9628712e+05 
 0   1571.3030353 3.9625872e+05 
 0   1571.3234695 3.9624791e+05 
 0   1571.3439038 3.9626400e+05 
 0   1571.3643379 3.9625322e+05 
 0   1571.3847720 3.9624453e+05 
 0   1571.4052063 3.9624941e+05 
 0   1571.4256405 3.9625591e+05 
 0   1571.4460746 3.9624900e+05 
 0   1571.4665089 3.9624297e+05 
 0   1571.4869430 3.9623575e+05 
 0   1571.5073771 3.9625303e+05 
 0   1571.5278114 3.9620753e+05 
 0   1571.5482456 3.9624066e+05 
 0   1571.5686799 3.9625334e+05 
 0   1571.5891140 3.9622378e+05 
 0   1571.6095482 3.9623941e+05 
 0   1571.6299824 3.9625422e+05 
 0   1571.6504165 3.9620888e+05 
 0   1571.6708507 3.9625900e+05 
 0   1571.6912850 3.9620844e+05 
 0   1571.7117191 3.9625850e+05 
 0   1571.7321534 3.9625050e+05 
 0   1571.7525876 3.9622447e+05 
 0   1571.7730217 3.9624400e+05 
 0   1571.7934559 3.9623884e+05 
 0   1571.8138901 3.9625288e+05 
 0   1571.8343242 3.9624638e+05 
 0   1571.8547585 3.9626231e+05 
 0   1571.8751927 3.9628284e+05 
 0   1571.8956268 3.9624719e+05 
 0   1571.9160611 3.9624219e+05 
 0   1571.9364952 3.9618178e+05 
 0   1571.9569295 3.9625500e+05 
 0   1571.9773636 3.9623188e+05 
 0   1571.9977978 3.9622788e+05 
 0   1572.0182321 3.9623675e+05 
 0   1572.0386662 3.9622659e+05 
 0   1572.0591004 3.9625850e+05 
 0   1572.0795347 3.9622416e+05 
 0   1572.0999688 3.9625478e+05 
 0   1572.1204030 3.9623259e+05 
 0   1572.1408372 3.9623869e+05 
 0   1572.1612713 3.9620622e+05 
 0   1572.1817056 3.9623756e+05 
 0   1572.2021398 3.9626653e+05 
 0   1572.2225739 3.9624681e+05 
 0   1572.2430082 3.9622525e+05 
 0   1572.2634424 3.9622684e+05 
 0   1572.2838766 3.9623578e+05 
 0   1572.3043107 3.9621356e+05 
 0   1572.3247449 3.9626062e+05 
 0   1572.3451791 3.9622731e+05 
 0   1572.3656133 3.9622844e+05 
 0   1572.3860475 3.9620031e+05 
 0   1572.4064817 3.9623366e+05 
 0   1572.4269159 3.9625181e+05 
 0   1572.4473501 3.9620884e+05 
 0   1572.4677843 3.9618706e+05 
 0   1572.4882184 3.9621053e+05 
 0   1572.5086527 3.9625569e+05 
 0   1572.5290869 3.9624975e+05 
 0   1572.5495210 3.9623600e+05 
 0   1572.5699553 3.9626006e+05 
 0   1572.5903895 3.9623203e+05 
 0   1572.6108236 3.9625569e+05 
 0   1572.6312579 3.9624241e+05 
 0   1572.6721262 3.9623075e+05 
 0   1572.6925605 3.9624109e+05 
 0   1572.7129946 3.9625172e+05 
 0   1572.7334289 3.9624509e+05 
 0   1572.7538630 3.9624347e+05 
 0   1572.7742972 3.9621100e+05 
 0   1572.7947315 3.9624900e+05 
 0   1572.8151656 3.9626209e+05 
 0   1572.8355998 3.9624675e+05 
 0   1572.8560341 3.9622409e+05 
 0   1572.8764682 3.9623488e+05 
 0   1572.8969025 3.9624159e+05 
 0   1572.9173367 3.9626684e+05 
 0   1572.9377708 3.9629672e+05 
 0   1572.9582051 3.9622641e+05 
 0   1572.9786392 3.9546519e+05 
 0   1572.9990734 3.9139881e+05 
 0   1573.0195076 3.9069953e+05 
 0   1573.0399418 3.9387025e+05 
 0   1573.0603759 3.9628044e+05 
 0   1573.0808102 3.9624397e+05 
 0   1573.1012444 3.9624256e+05 
 0   1573.1216786 3.9623591e+05 
 0   1573.1421128 3.9621369e+05 
 0   1573.1625470 3.9620497e+05 
 0   1573.1829813 3.9625947e+05 
 0   1573.2034154 3.9623494e+05 
 0   1573.2238496 3.9623381e+05 
 0   1573.2442839 3.9625962e+05 
 0   1573.2647180 3.9624953e+05 
 0   1573.2851522 3.9622609e+05 
 0   1573.3055864 3.9623122e+05 
 0   1573.3260205 3.9626184e+05 
 0   1573.3464548 3.9625294e+05 
 0   1573.3668890 3.9627688e+05 
 0   1573.3873231 3.9622403e+05 
 0   1573.4077574 3.9625288e+05 
 0   1573.4281916 3.9625256e+05 
 0   1573.4486257 3.9625931e+05 
 0   1573.4690600 3.9627472e+05 
 0   1573.4894942 3.9627684e+05 
 0   1573.5099285 3.9623988e+05 
 0   1573.5303626 3.9627853e+05 
 0   1573.5507968 3.9624584e+05 
 0   1573.5712311 3.9625000e+05 
 0   1573.5916652 3.9621056e+05 
 0   1573.6120994 3.9623734e+05 
 0   1573.6325337 3.9624319e+05 
 0   1573.6529679 3.9623925e+05 
 0   1573.6734021 3.9623159e+05 
 0   1573.6938363 3.9622944e+05 
 0   1573.7142703 3.9624381e+05 
 0   1573.7347046 3.9626038e+05 
 0   1573.7551388 3.9624025e+05 
 0   1573.7755729 3.9624312e+05 
 0   1573.7960072 3.9625175e+05 
 0   1573.8164414 3.9624519e+05 
 0   1573.8368755 3.9625622e+05 
 0   1573.8573098 3.9626303e+05 
 0   1573.8777440 3.9624272e+05 
 0   1573.8981783 3.9624909e+05 
 0   1573.9186124 3.9626569e+05 
 0   1573.9390466 3.9624038e+05 
 0   1573.9594809 3.9625291e+05 
 0   1573.9799150 3.9623147e+05 
 0   1574.0003492 3.9624716e+05 
 0   1574.0207835 3.9622631e+05 
 0   1574.0412176 3.9627475e+05 
 0   1574.0616519 3.9625109e+05 
 0   1574.0820861 3.9625031e+05 
 0   1574.1025202 3.9622616e+05 
 0   1574.1229545 3.9625634e+05 
 0   1574.1433887 3.9624034e+05 
 0   1574.1638229 3.9626462e+05 
 0   1574.1842571 3.9625575e+05 
 0   1574.2046913 3.9624672e+05 
 0   1574.2251255 3.9623534e+05 
 0   1574.2455597 3.9622116e+05 
 0   1574.2659939 3.9623566e+05 
 0   1574.2864281 3.9625669e+05 
 0   1574.3068624 3.9624597e+05 
 0   1574.3272965 3.9624488e+05 
 0   1574.3477307 3.9625534e+05 
 0   1574.3681649 3.9625278e+05 
 0   1574.3885991 3.9621803e+05 
 0   1574.4090334 3.9624806e+05 
 0   1574.4294675 3.9623762e+05 
 0   1574.4499018 3.9621675e+05 
 0   1574.4703360 3.9624775e+05 
 0   1574.4907701 3.9626928e+05 
 0   1574.5112044 3.9627516e+05 
 0   1574.5316386 3.9624847e+05 
 0   1574.5520727 3.9624850e+05 
 0   1574.5725070 3.9625188e+05 
 0   1574.5929412 3.9623325e+05 
 0   1574.6133755 3.9625094e+05 
 0   1574.6338096 3.9623569e+05 
 0   1574.6542438 3.9626175e+05 
 0   1574.6746781 3.9623775e+05 
 0   1574.6951122 3.9628772e+05 
 0   1574.7155464 3.9624888e+05 
 0   1574.7359807 3.9624278e+05 
 0   1574.7564148 3.9624050e+05 
 0   1574.7768490 3.9624244e+05 
 0   1574.7972833 3.9626697e+05 
 0   1574.8177175 3.9624066e+05 
 0   1574.8381517 3.9622928e+05 
 0   1574.8585859 3.9626097e+05 
 0   1574.8790201 3.9627256e+05 
 0   1574.8994543 3.9623181e+05 
 0   1574.9198885 3.9626241e+05 
 0   1574.9403227 3.9624131e+05 
 0   1574.9607569 3.9623256e+05 
 0   1574.9811911 3.9625884e+05 
 0   1575.0016253 3.9627216e+05 
 0   1575.0220595 3.9624566e+05 
 0   1575.0424937 3.9624122e+05 
 0   1575.0629280 3.9625247e+05 
 0   1575.0833621 3.9626075e+05 
 0   1575.1037963 3.9624291e+05 
 0   1575.1242306 3.9626972e+05 
 0   1575.1446647 3.9624197e+05 
 0   1575.1650989 3.9622566e+05 
 0   1575.1855332 3.9624156e+05 
 0   1575.2059673 3.9625747e+05 
 0   1575.2264016 3.9625034e+05 
 0   1575.2468358 3.9625309e+05 
 0   1575.2672699 3.9623772e+05 
 0   1575.2877042 3.9626766e+05 
 0   1575.3081384 3.9627047e+05 
 0   1575.3285725 3.9626891e+05 
 0   1575.3490068 3.9625197e+05 
 0   1575.3694411 3.9626791e+05 
 0   1575.3898754 3.9627884e+05 
 0   1575.4103095 3.9627822e+05 
 0   1575.4307437 3.9625231e+05 
 0   1575.4511780 3.9518859e+05 
 0   1575.4716122 3.9121216e+05 
 0   1575.4920463 3.9080472e+05 
 0   1575.5124806 3.9433497e+05 
 0   1575.5329148 3.9625716e+05 
 0   1575.5533489 3.9625744e+05 
 0   1575.5737832 3.9627819e+05 
 0   1575.5942174 3.9626675e+05 
 0   1575.6146516 3.9627775e+05 
 0   1575.6555199 3.9628012e+05 
 0   1575.6759542 3.9629253e+05 
 0   1575.6963884 3.9628591e+05 
 0   1575.7168225 3.9624400e+05 
 0   1575.7372568 3.9619562e+05 
 0   1575.7576910 3.9630347e+05 
 0   1575.7781253 3.9626634e+05 
 0   1575.7985595 3.9627416e+05 
 0   1575.8189937 3.9624994e+05 
 0   1575.8394280 3.9628306e+05 
 0   1575.8598621 3.9624188e+05 
 0   1575.8802963 3.9628188e+05 
 0   1575.9007306 3.9623931e+05 
 0   1575.9211647 3.9627034e+05 
 0   1575.9415989 3.9630666e+05 
 0   1575.9620332 3.9631106e+05 
 0   1575.9824673 3.9627628e+05 
 0   1576.0029016 3.9624731e+05 
 0   1576.0233358 3.9626169e+05 
 0   1576.0437700 3.9629775e+05 
 0   1576.0642042 3.9626459e+05 
 0   1576.0846384 3.9625084e+05 
 0   1576.1050727 3.9627109e+05 
 0   1576.1255069 3.9628309e+05 
 0   1576.1459411 3.9626641e+05 
 0   1576.1663753 3.9626916e+05 
 0   1576.1868096 3.9627062e+05 
 0   1576.2072437 3.9628944e+05 
 0   1576.2276780 3.9625112e+05 
 0   1576.2481122 3.9627809e+05 
 0   1576.2685463 3.9628719e+05 
 0   1576.2889806 3.9628441e+05 
 0   1576.3094147 3.9626800e+05 
 0   1576.3298489 3.9627972e+05 
 0   1576.3502832 3.9627447e+05 
 0   1576.3911517 3.9630669e+05 
 0   1576.4115859 3.9626475e+05 
 0   1576.4320200 3.9627516e+05 
 0   1576.4524543 3.9627109e+05 
 0   1576.4728885 3.9627106e+05 
 0   1576.4933226 3.9625869e+05 
 0   1576.5137569 3.9629309e+05 
 0   1576.5341911 3.9628831e+05 
 0   1576.5546253 3.9631878e+05 
 0   1576.5750595 3.9625659e+05 
 0   1576.5954937 3.9624500e+05 
 0   1576.6159281 3.9624303e+05 
 0   1576.6363622 3.9629153e+05 
 0   1576.6567964 3.9628528e+05 
 0   1576.6772307 3.9627759e+05 
 0   1576.6976649 3.9625478e+05 
 0   1576.7180990 3.9629391e+05 
 0   1576.7385333 3.9624244e+05 
 0   1576.7589675 3.9626884e+05 
 0   1576.7794017 3.9629700e+05 
 0   1576.7998359 3.9625369e+05 
 0   1576.8202702 3.9625872e+05 
 0   1576.8407045 3.9628134e+05 
 0   1576.8611386 3.9629500e+05 
 0   1576.8815728 3.9629397e+05 
 0   1576.9020071 3.9628034e+05 
 0   1576.9224412 3.9625425e+05 
 0   1576.9428754 3.9628472e+05 
 0   1576.9633096 3.9624956e+05 
 0   1576.9837438 3.9627150e+05 
 0   1577.0041781 3.9628325e+05 
 0   1577.0246123 3.9627756e+05 
 0   1577.0450465 3.9628012e+05 
 0   1577.0654808 3.9628591e+05 
 0   1577.0859149 3.9626697e+05 
 0   1577.1063491 3.9625916e+05 
 0   1577.1267834 3.9627703e+05 
 0   1577.1472175 3.9628359e+05 
 0   1577.1676518 3.9625988e+05 
 0   1577.1880860 3.9628234e+05 
 0   1577.2085202 3.9627550e+05 
 0   1577.2289545 3.9627153e+05 
 0   1577.2493887 3.9625244e+05 
 0   1577.2698229 3.9627347e+05 
 0   1577.2902571 3.9628444e+05 
 0   1577.3106913 3.9627531e+05 
 0   1577.3311255 3.9630044e+05 
 0   1577.3515598 3.9631959e+05 
 0   1577.3719940 3.9626741e+05 
 0   1577.3924283 3.9626534e+05 
 0   1577.4128625 3.9630359e+05 
 0   1577.4332966 3.9630334e+05 
 0   1577.4537309 3.9623266e+05 
 0   1577.4741651 3.9628053e+05 
 0   1577.4945992 3.9626931e+05 
 0   1577.5150335 3.9627684e+05 
 0   1577.5354678 3.9627578e+05 
 0   1577.5559020 3.9629162e+05 
 0   1577.5763362 3.9627369e+05 
 0   1577.5967703 3.9628381e+05 
 0   1577.6172046 3.9628300e+05 
 0   1577.6376388 3.9625031e+05 
 0   1577.6580729 3.9630044e+05 
 0   1577.6785073 3.9628772e+05 
 0   1577.6989415 3.9627559e+05 
 0   1577.7193757 3.9629353e+05 
 0   1577.7398099 3.9627144e+05 
 0   1577.7602441 3.9625353e+05 
 0   1577.7806784 3.9623156e+05 
 0   1577.8011125 3.9627409e+05 
 0   1577.8215468 3.9624975e+05 
 0   1577.8419811 3.9627488e+05 
 0   1577.8624153 3.9627575e+05 
 0   1577.8828494 3.9626922e+05 
 0   1577.9032837 3.9627316e+05 
 0   1577.9237179 3.9483000e+05 
 0   1577.9441521 3.9102700e+05 
 0   1577.9645864 3.9097566e+05 
 0   1577.9850206 3.9476366e+05 
 0   1578.0054548 3.9627900e+05 
 0   1578.0258890 3.9628466e+05 
 0   1578.0463232 3.9627462e+05 
 0   1578.0667575 3.9632681e+05 
 0   1578.0871916 3.9631241e+05 
 0   1578.1076259 3.9629184e+05 
 0   1578.1280602 3.9626700e+05 
 0   1578.1484943 3.9624975e+05 
 0   1578.1689286 3.9626931e+05 
 0   1578.1893628 3.9628944e+05 
 0   1578.2097969 3.9628397e+05 
 0   1578.2302313 3.9628581e+05 
 0   1578.2506654 3.9627475e+05 
 0   1578.2710996 3.9624719e+05 
 0   1578.2915339 3.9627453e+05 
 0   1578.3119680 3.9629709e+05 
 0   1578.3324023 3.9627988e+05 
 0   1578.3528366 3.9626866e+05 
 0   1578.3732707 3.9626762e+05 
 0   1578.3937050 3.9625366e+05 
 0   1578.4141392 3.9626244e+05 
 0   1578.4345734 3.9627019e+05 
 0   1578.4550076 3.9629491e+05 
 0   1578.4754419 3.9626581e+05 
 0   1578.4958761 3.9630066e+05 
 0   1578.5163103 3.9625650e+05 
 0   1578.5367445 3.9626053e+05 
 0   1578.5571788 3.9627619e+05 
 0   1578.5776130 3.9628141e+05 
 0   1578.5980472 3.9627441e+05 
 0   1578.6389157 3.9631269e+05 
 0   1578.6593498 3.9629850e+05 
 0   1578.6797841 3.9630516e+05 
 0   1578.7002183 3.9629953e+05 
 0   1578.7206525 3.9626122e+05 
 0   1578.7410868 3.9629828e+05 
 0   1578.7615210 3.9628325e+05 
 0   1578.7819553 3.9626144e+05 
 0   1578.8023894 3.9633997e+05 
 0   1578.8228236 3.9625231e+05 
 0   1578.8432580 3.9629556e+05 
 0   1578.8636921 3.9629859e+05 
 0   1578.8841263 3.9628712e+05 
 0   1578.9045605 3.9628359e+05 
 0   1578.9249947 3.9630028e+05 
 0   1578.9454291 3.9629619e+05 
 0   1578.9658632 3.9629022e+05 
 0   1578.9862974 3.9625962e+05 
 0   1579.0067317 3.9630472e+05 
 0   1579.0271658 3.9627553e+05 
 0   1579.0476001 3.9629944e+05 
 0   1579.0680344 3.9627834e+05 
 0   1579.0884686 3.9628172e+05 
 0   1579.1089027 3.9632412e+05 
 0   1579.1293370 3.9630369e+05 
 0   1579.1497712 3.9630119e+05 
 0   1579.1702055 3.9629938e+05 
 0   1579.1906397 3.9627694e+05 
 0   1579.2110739 3.9630528e+05 
 0   1579.2315082 3.9631803e+05 
 0   1579.2519423 3.9631647e+05 
 0   1579.2723766 3.9627650e+05 
 0   1579.2928109 3.9626091e+05 
 0   1579.3132450 3.9631666e+05 
 0   1579.3336793 3.9632438e+05 
 0   1579.3541135 3.9627309e+05 
 0   1579.3745477 3.9628072e+05 
 0   1579.3949820 3.9627559e+05 
 0   1579.4154162 3.9630991e+05 
 0   1579.4358503 3.9626262e+05 
 0   1579.4562847 3.9630338e+05 
 0   1579.4767189 3.9632741e+05 
 0   1579.4971530 3.9631044e+05 
 0   1579.5175873 3.9625431e+05 
 0   1579.5380214 3.9630006e+05 
 0   1579.5584558 3.9635253e+05 
 0   1579.5788900 3.9627278e+05 
 0   1579.5993242 3.9627400e+05 
 0   1579.6197584 3.9629709e+05 
 0   1579.6401926 3.9629362e+05 
 0   1579.6606269 3.9630438e+05 
 0   1579.6810611 3.9628756e+05 
 0   1579.7014953 3.9633753e+05 
 0   1579.7219296 3.9631025e+05 
 0   1579.7423638 3.9628209e+05 
 0   1579.7627980 3.9629472e+05 
 0   1579.7832323 3.9630650e+05 
 0   1579.8036665 3.9629884e+05 
 0   1579.8241006 3.9627825e+05 
 0   1579.8445350 3.9632738e+05 
 0   1579.8649692 3.9628488e+05 
 0   1579.8854033 3.9629653e+05 
 0   1579.9058376 3.9629353e+05 
 0   1579.9262718 3.9628788e+05 
 0   1579.9467062 3.9627831e+05 
 0   1579.9671403 3.9627550e+05 
 0   1579.9875745 3.9628259e+05 
 0   1580.0080088 3.9628197e+05 
 0   1580.0284430 3.9628997e+05 
 0   1580.0488772 3.9630903e+05 
 0   1580.0693115 3.9627566e+05 
 0   1580.0897456 3.9632072e+05 
 0   1580.1101798 3.9630753e+05 
 0   1580.1306142 3.9630072e+05 
 0   1580.1510483 3.9629512e+05 
 0   1580.1714826 3.9631638e+05 
 0   1580.1919167 3.9631103e+05 
 0   1580.2123510 3.9628984e+05 
 0   1580.2327853 3.9630878e+05 
 0   1580.2532194 3.9628122e+05 
 0   1580.2736536 3.9628097e+05 
 0   1580.2940880 3.9630656e+05 
 0   1580.3145222 3.9630091e+05 
 0   1580.3349564 3.9626772e+05 
 0   1580.3553906 3.9629103e+05 
 0   1580.3758249 3.9629547e+05 
 0   1580.3962591 3.9447494e+05 
 0   1580.4166933 3.9089497e+05 
 0   1580.4371275 3.9116219e+05 
 0   1580.4575619 3.9511481e+05 
 0   1580.4779960 3.9627694e+05 
 0   1580.4984302 3.9625688e+05 
 0   1580.5188645 3.9628906e+05 
 0   1580.5392986 3.9630347e+05 
 0   1580.5597330 3.9629347e+05 
 0   1580.5801672 3.9624534e+05 
 0   1580.6006013 3.9624291e+05 
 0   1580.6210356 3.9630534e+05 
 0   1580.6414699 3.9622616e+05 
 0   1580.6619040 3.9628803e+05 
 0   1580.6823383 3.9627156e+05 
 0   1580.7027725 3.9629203e+05 
 0   1580.7232069 3.9632488e+05 
 0   1580.7436410 3.9630619e+05 
 0   1580.7640752 3.9628822e+05 
 0   1580.7845095 3.9627516e+05 
 0   1580.8049437 3.9629959e+05 
 0   1580.8253779 3.9628753e+05 
 0   1580.8458121 3.9630850e+05 
 0   1580.8662464 3.9630878e+05 
 0   1580.8866806 3.9629006e+05 
 0   1580.9071148 3.9629044e+05 
 0   1580.9275490 3.9631156e+05 
 0   1580.9479834 3.9629344e+05 
 0   1580.9684176 3.9629956e+05 
 0   1580.9888517 3.9623825e+05 
 0   1581.0092860 3.9629800e+05 
 0   1581.0297203 3.9633025e+05 
 0   1581.0501544 3.9629622e+05 
 0   1581.0705887 3.9629769e+05 
 0   1581.0910229 3.9630897e+05 
 0   1581.1114573 3.9625772e+05 
 0   1581.1318914 3.9631156e+05 
 0   1581.1523256 3.9627603e+05 
 0   1581.1727599 3.9625991e+05 
 0   1581.1931941 3.9627666e+05 
 0   1581.2136283 3.9629578e+05 
 0   1581.2340626 3.9632303e+05 
 0   1581.2544968 3.9629894e+05 
 0   1581.2749310 3.9630141e+05 
 0   1581.2953653 3.9630319e+05 
 0   1581.3157994 3.9628931e+05 
 0   1581.3362338 3.9633450e+05 
 0   1581.3566680 3.9628444e+05 
 0   1581.3771022 3.9631894e+05 
 0   1581.3975364 3.9629984e+05 
 0   1581.4179707 3.9629288e+05 
 0   1581.4384049 3.9627303e+05 
 0   1581.4588391 3.9627409e+05 
 0   1581.4792734 3.9630991e+05 
 0   1581.4997076 3.9629150e+05 
 0   1581.5201418 3.9628250e+05 
 0   1581.5405760 3.9630216e+05 
 0   1581.5610103 3.9629181e+05 
 0   1581.5814445 3.9628416e+05 
 0   1586.8330363 3.9619603e+05 
 0   1586.8534706 3.9620275e+05 
 0   1586.8739048 3.9618816e+05 
 0   1586.8943391 3.9622494e+05 
 0   1586.9147734 3.9616975e+05 
 0   1586.9352075 3.9619006e+05 
 0   1586.9556418 3.9616859e+05 
 0   1586.9760761 3.9620284e+05 
 0   1586.9965103 3.9620669e+05 
 0   1587.0169446 3.9615994e+05 
 0   1587.0373788 3.9618284e+05 
 0   1587.0578132 3.9617412e+05 
 0   1587.0782474 3.9618069e+05 
 0   1587.0986815 3.9620891e+05 
 0   1587.1191159 3.9616022e+05 
 0   1587.1395501 3.9620569e+05 
 0   1587.1599843 3.9618781e+05 
 0   1587.1804186 3.9617588e+05 
 0   1587.2008529 3.9614394e+05 
 0   1587.2212871 3.9620812e+05 
 0   1587.2417214 3.9617419e+05 
 0   1587.2621555 3.9620581e+05 
 0   1587.2825898 3.9617800e+05 
 0   1587.3030241 3.9618838e+05 
 0   1587.3234582 3.9616944e+05 
 0   1587.3438926 3.9620712e+05 
 0   1587.3643268 3.9618978e+05 
 0   1587.3847612 3.9622478e+05 
 0   1587.4051953 3.9620956e+05 
 0   1587.4256296 3.9617159e+05 
 0   1587.4460639 3.9616375e+05 
 0   1587.4664980 3.9615422e+05 
 0   1587.5073666 3.9618828e+05 
 0   1587.5278008 3.9617972e+05 
 0   1587.5482351 3.9622381e+05 
 0   1587.5686694 3.9619959e+05 
 0   1587.5891036 3.9619109e+05 
 0   1587.6095379 3.9617588e+05 
 0   1587.6299721 3.9619547e+05 
 0   1587.6504063 3.9617419e+05 
 0   1587.6708406 3.9620891e+05 
 0   1587.6912748 3.9619388e+05 
 0   1587.7117092 3.9615612e+05 
 0   1587.7321433 3.9619462e+05 
 0   1587.7525776 3.9620569e+05 
 0   1587.7730119 3.9623191e+05 
 0   1587.7934462 3.9614450e+05 
 0   1587.8138803 3.9303897e+05 
 0   1587.8343147 3.9058088e+05 
 0   1587.8547488 3.9187478e+05 
 0   1587.8751831 3.9580138e+05 
 0   1587.8956174 3.9617594e+05 
 0   1587.9160515 3.9619366e+05 
 0   1587.9364859 3.9621738e+05 
 0   1587.9569201 3.9620441e+05 
 0   1587.9773543 3.9624675e+05 
 0   1587.9977886 3.9622047e+05 
 0   1588.0182229 3.9616081e+05 
 0   1588.0386570 3.9620775e+05 
 0   1588.0590914 3.9618412e+05 
 0   1588.0795256 3.9620319e+05 
 0   1588.0999600 3.9621250e+05 
 0   1588.1203941 3.9619838e+05 
 0   1588.1408283 3.9622916e+05 
 0   1588.1612627 3.9620047e+05 
 0   1588.1816968 3.9622294e+05 
 0   1588.2021311 3.9619706e+05 
 0   1588.2225654 3.9622775e+05 
 0   1588.2429996 3.9616447e+05 
 0   1588.2634339 3.9621594e+05 
 0   1588.2838682 3.9618159e+05 
 0   1588.3043024 3.9621900e+05 
 0   1588.3247367 3.9622197e+05 
 0   1588.3451709 3.9620975e+05 
 0   1588.3656052 3.9624925e+05 
 0   1588.3860394 3.9620112e+05 
 0   1588.4064737 3.9619019e+05 
 0   1588.4269079 3.9622262e+05 
 0   1588.4473422 3.9620391e+05 
 0   1588.4677764 3.9622872e+05 
 0   1588.4882107 3.9616684e+05 
 0   1588.5086449 3.9624050e+05 
 0   1588.5290791 3.9621016e+05 
 0   1588.5495135 3.9618588e+05 
 0   1588.5699476 3.9621019e+05 
 0   1588.5903819 3.9623053e+05 
 0   1588.6108162 3.9627216e+05 
 0   1588.6312504 3.9619388e+05 
 0   1588.6516847 3.9621009e+05 
 0   1588.6721190 3.9620659e+05 
 0   1588.6925531 3.9622553e+05 
 0   1588.7129875 3.9624850e+05 
 0   1588.7334217 3.9623031e+05 
 0   1588.7538559 3.9623075e+05 
 0   1588.7742902 3.9625231e+05 
 0   1588.7947244 3.9623919e+05 
 0   1588.8151587 3.9621550e+05 
 0   1588.8355929 3.9619706e+05 
 0   1588.8560272 3.9624053e+05 
 0   1588.8764615 3.9623197e+05 
 0   1588.8968957 3.9621450e+05 
 0   1588.9173299 3.9622153e+05 
 0   1588.9377643 3.9622591e+05 
 0   1588.9581985 3.9623494e+05 
 0   1588.9786327 3.9622959e+05 
 0   1588.9990670 3.9622009e+05 
 0   1589.0195013 3.9622275e+05 
 0   1589.0399354 3.9623650e+05 
 0   1589.0603698 3.9624381e+05 
 0   1589.0808040 3.9624544e+05 
 0   1589.1012384 3.9626038e+05 
 0   1589.1216725 3.9626703e+05 
 0   1589.1421068 3.9625153e+05 
 0   1589.1625410 3.9623228e+05 
 0   1589.1829753 3.9622400e+05 
 0   1589.2034094 3.9623431e+05 
 0   1589.2238438 3.9626244e+05 
 0   1589.2442780 3.9621184e+05 
 0   1589.2647124 3.9629703e+05 
 0   1589.2851465 3.9619806e+05 
 0   1589.3055808 3.9621072e+05 
 0   1589.3260151 3.9622222e+05 
 0   1589.3464493 3.9623675e+05 
 0   1589.3668835 3.9623700e+05 
 0   1589.3873178 3.9626409e+05 
 0   1589.4077520 3.9625547e+05 
 0   1589.4281862 3.9624978e+05 
 0   1589.4486206 3.9623428e+05 
 0   1589.4690548 3.9625834e+05 
 0   1589.4894891 3.9625244e+05 
 0   1589.5099233 3.9624153e+05 
 0   1589.5303576 3.9624809e+05 
 0   1589.5507918 3.9620112e+05 
 0   1589.5712261 3.9625184e+05 
 0   1589.5916603 3.9626303e+05 
 0   1589.6120947 3.9621934e+05 
 0   1589.6325288 3.9625262e+05 
 0   1589.6529631 3.9623019e+05 
 0   1589.6733974 3.9624791e+05 
 0   1589.6938316 3.9620116e+05 
 0   1589.7142659 3.9622675e+05 
 0   1589.7347002 3.9623419e+05 
 0   1589.7551343 3.9621275e+05 
 0   1589.7755687 3.9621841e+05 
 0   1589.7960029 3.9626050e+05 
 0   1589.8164371 3.9621919e+05 
 0   1589.8573056 3.9628162e+05 
 0   1589.8777399 3.9622416e+05 
 0   1589.8981742 3.9626528e+05 
 0   1589.9186083 3.9621941e+05 
 0   1589.9390427 3.9625969e+05 
 0   1589.9594769 3.9624197e+05 
 0   1589.9799111 3.9624428e+05 
 0   1590.0003454 3.9623681e+05 
 0   1590.0207797 3.9624291e+05 
 0   1590.0412139 3.9623547e+05 
 0   1590.0616482 3.9624900e+05 
 0   1590.0820824 3.9623131e+05 
 0   1590.1025168 3.9625206e+05 
 0   1590.1229509 3.9623416e+05 
 0   1590.1433852 3.9622903e+05 
 0   1590.1638195 3.9626031e+05 
 0   1590.1842538 3.9624550e+05 
 0   1590.2046879 3.9623003e+05 
 0   1590.2251223 3.9626075e+05 
 0   1590.2455565 3.9622772e+05 
 0   1590.2659907 3.9613647e+05 
 0   1590.2864250 3.9265722e+05 
 0   1590.3068593 3.9061291e+05 
 0   1590.3272936 3.9233619e+05 
 0   1590.3477278 3.9605256e+05 
 0   1590.3681620 3.9625719e+05 
 0   1590.3885964 3.9617603e+05 
 0   1590.4090305 3.9626219e+05 
 0   1590.4294648 3.9623175e+05 
 0   1590.4498990 3.9626725e+05 
 0   1590.4703333 3.9625869e+05 
 0   1590.4907676 3.9627597e+05 
 0   1590.5112018 3.9626397e+05 
 0   1590.5316360 3.9625084e+05 
 0   1590.5520704 3.9622941e+05 
 0   1590.5725045 3.9622928e+05 
 0   1590.5929388 3.9626944e+05 
 0   1590.6133731 3.9624503e+05 
 0   1590.6338073 3.9620775e+05 
 0   1590.6542416 3.9621962e+05 
 0   1590.6746759 3.9626084e+05 
 0   1590.6951102 3.9625069e+05 
 0   1590.7155444 3.9624250e+05 
 0   1590.7359787 3.9625972e+05 
 0   1590.7564129 3.9625750e+05 
 0   1590.7768472 3.9625941e+05 
 0   1590.7972814 3.9621778e+05 
 0   1590.8177157 3.9625047e+05 
 0   1590.8381500 3.9623656e+05 
 0   1590.8585842 3.9623259e+05 
 0   1590.8790184 3.9624881e+05 
 0   1590.8994528 3.9623147e+05 
 0   1590.9198869 3.9625978e+05 
 0   1590.9403213 3.9622434e+05 
 0   1590.9607555 3.9624453e+05 
 0   1590.9811897 3.9625456e+05 
 0   1591.0016240 3.9598872e+05 
