\fixlen = T
|set|TIME       |PDCSAP_FLUX  |
|int|double     |double       |
 0   131.5123082 4.0369647e+05 
 0   131.5327425 4.0369056e+05 
 0   131.5531768 4.0367650e+05 
 0   131.5736109 4.0367422e+05 
 0   131.5940451 4.0368200e+05 
 0   131.6144795 4.0371631e+05 
 0   131.6349136 4.0368875e+05 
 0   131.6553478 4.0365509e+05 
 0   131.6757822 4.0371175e+05 
 0   131.6962164 4.0369538e+05 
 0   131.7166505 4.0367609e+05 
 0   131.7370848 4.0366891e+05 
 0   131.7575191 4.0370509e+05 
 0   131.7779532 4.0366831e+05 
 0   131.7983875 4.0364025e+05 
 0   131.8188218 4.0368078e+05 
 0   131.8392559 4.0368772e+05 
 0   131.8596901 4.0368303e+05 
 0   131.8801244 4.0366409e+05 
 0   131.9005586 4.0367784e+05 
 0   131.9209928 4.0368059e+05 
 0   131.9414271 4.0366131e+05 
 0   131.9618613 4.0368772e+05 
 0   131.9822955 4.0373041e+05 
 0   132.0027298 4.0368941e+05 
 0   132.0231639 4.0370072e+05 
 0   132.0435982 4.0368100e+05 
 0   132.0640325 4.0366322e+05 
 0   132.0844666 4.0368897e+05 
 0   132.1049008 4.0371494e+05 
 0   132.1253352 4.0368569e+05 
 0   132.1457693 4.0366519e+05 
 0   132.1662035 4.0369072e+05 
 0   132.1866379 4.0369956e+05 
 0   132.2070721 4.0371672e+05 
 0   132.2275062 4.0371984e+05 
 0   132.2479404 4.0370112e+05 
 0   132.2683748 4.0366016e+05 
 0   132.2888089 4.0368769e+05 
 0   132.3092431 4.0367469e+05 
 0   132.3296775 4.0366059e+05 
 0   132.3501116 4.0363725e+05 
 0   132.3705458 4.0366372e+05 
 0   132.3909801 4.0367441e+05 
 0   132.4114143 4.0371344e+05 
 0   132.4318485 4.0367291e+05 
 0   132.4522828 4.0368891e+05 
 0   132.4727171 4.0370847e+05 
 0   132.4931512 4.0366456e+05 
 0   132.5135854 4.0370350e+05 
 0   132.5340196 4.0369038e+05 
 0   132.5544539 4.0368053e+05 
 0   132.5748881 4.0368456e+05 
 0   132.5953223 4.0368797e+05 
 0   132.6157566 4.0201781e+05 
 0   132.6361908 3.9820269e+05 
 0   132.6566251 3.9834691e+05 
 0   132.6770592 4.0232788e+05 
 0   132.6974935 4.0372491e+05 
 0   132.7179277 4.0368788e+05 
 0   132.7383619 4.0369781e+05 
 0   132.7587962 4.0367744e+05 
 0   132.7792304 4.0373172e+05 
 0   132.7996646 4.0370544e+05 
 0   132.8200988 4.0366650e+05 
 0   132.8405331 4.0369075e+05 
 0   132.8609672 4.0368781e+05 
 0   132.8814015 4.0365103e+05 
 0   132.9018358 4.0371084e+05 
 0   132.9222699 4.0369634e+05 
 0   132.9427042 4.0371331e+05 
 0   132.9631384 4.0366100e+05 
 0   132.9835727 4.0367378e+05 
 0   133.0040068 4.0365347e+05 
 0   133.0244411 4.0370300e+05 
 0   133.0448753 4.0369772e+05 
 0   133.0653095 4.0365784e+05 
 0   133.0857438 4.0371122e+05 
 0   133.1061780 4.0369891e+05 
 0   133.1266122 4.0368528e+05 
 0   133.1470464 4.0368041e+05 
 0   133.1674807 4.0372450e+05 
 0   133.1879149 4.0372119e+05 
 0   133.2083492 4.0368584e+05 
 0   133.2287834 4.0368009e+05 
 0   133.2492176 4.0373025e+05 
 0   133.2696518 4.0367078e+05 
 0   133.2900860 4.0367469e+05 
 0   133.3105203 4.0370284e+05 
 0   133.3309544 4.0368541e+05 
 0   133.3513887 4.0368056e+05 
 0   133.3718229 4.0364762e+05 
 0   133.3922572 4.0366712e+05 
 0   133.4126914 4.0371175e+05 
 0   133.4331256 4.0371272e+05 
 0   133.4535599 4.0367919e+05 
 0   133.4739940 4.0372731e+05 
 0   133.4944283 4.0369222e+05 
 0   133.5148625 4.0371162e+05 
 0   133.5352967 4.0368406e+05 
 0   133.5557310 4.0371559e+05 
 0   133.5761652 4.0372406e+05 
 0   133.5965993 4.0370553e+05 
 0   133.6170336 4.0365822e+05 
 0   133.6374679 4.0370647e+05 
 0   133.6579021 4.0366069e+05 
 0   133.6783362 4.0367578e+05 
 0   133.6987706 4.0368319e+05 
 0   133.7192048 4.0368109e+05 
 0   133.7396389 4.0372206e+05 
 0   133.7600732 4.0364812e+05 
 0   133.7805075 4.0367509e+05 
 0   133.8009416 4.0370909e+05 
 0   133.8213758 4.0367031e+05 
 0   133.8418101 4.0371106e+05 
 0   133.8622443 4.0368053e+05 
 0   133.8826785 4.0367872e+05 
 0   133.9031127 4.0369162e+05 
 0   133.9235470 4.0368572e+05 
 0   133.9439812 4.0371388e+05 
 0   133.9644154 4.0371934e+05 
 0   133.9848495 4.0373034e+05 
 0   134.0052839 4.0365547e+05 
 0   134.0257181 4.0367034e+05 
 0   134.0461522 4.0367450e+05 
 0   134.0665865 4.0371097e+05 
 0   134.0870208 4.0365725e+05 
 0   134.1074549 4.0371256e+05 
 0   134.1278891 4.0367894e+05 
 0   134.1483234 4.0364997e+05 
 0   134.1687577 4.0367041e+05 
 0   134.1891918 4.0367828e+05 
 0   134.2096261 4.0368003e+05 
 0   134.2300603 4.0369766e+05 
 0   134.2504945 4.0368184e+05 
 0   134.2709287 4.0367931e+05 
 0   134.2913630 4.0371994e+05 
 0   134.3117971 4.0367412e+05 
 0   134.3322313 4.0369844e+05 
 0   134.3526657 4.0369878e+05 
 0   134.3730998 4.0371225e+05 
 0   134.4139682 4.0370844e+05 
 0   134.4344025 4.0366338e+05 
 0   134.4548367 4.0367938e+05 
 0   134.4752709 4.0368306e+05 
 0   134.4957052 4.0365641e+05 
 0   134.5161394 4.0370128e+05 
 0   134.5365736 4.0368500e+05 
 0   134.5570077 4.0369341e+05 
 0   134.5774420 4.0370647e+05 
 0   134.5978763 4.0369766e+05 
 0   134.6183104 4.0369169e+05 
 0   134.6387446 4.0370484e+05 
 0   134.6591789 4.0370834e+05 
 0   134.6796131 4.0368150e+05 
 0   134.7000474 4.0366588e+05 
 0   134.7204816 4.0368872e+05 
 0   134.7409158 4.0369297e+05 
 0   134.7613499 4.0367072e+05 
 0   134.7817842 4.0373884e+05 
 0   134.8022185 4.0368116e+05 
 0   134.8226527 4.0371678e+05 
 0   134.8430868 4.0368275e+05 
 0   134.8635211 4.0371334e+05 
 0   134.8839554 4.0368509e+05 
 0   134.9043896 4.0369603e+05 
 0   134.9248237 4.0367488e+05 
 0   134.9452580 4.0368416e+05 
 0   134.9656923 4.0369025e+05 
 0   134.9861264 4.0368250e+05 
 0   135.0065607 4.0371541e+05 
 0   135.0269949 4.0369162e+05 
 0   135.0474290 4.0365969e+05 
 0   135.0678633 4.0370916e+05 
 0   135.0882976 4.0162697e+05 
 0   135.1087317 3.9809131e+05 
 0   135.1291659 3.9853247e+05 
 0   135.1496002 4.0267997e+05 
 0   135.1700345 4.0370028e+05 
 0   135.1904686 4.0369203e+05 
 0   135.2109028 4.0368791e+05 
 0   135.2313371 4.0369394e+05 
 0   135.2517713 4.0367291e+05 
 0   135.2722055 4.0368434e+05 
 0   135.2926396 4.0368741e+05 
 0   135.3130739 4.0370872e+05 
 0   135.3335081 4.0367784e+05 
 0   135.3539423 4.0367359e+05 
 0   135.3743766 4.0364844e+05 
 0   135.3948108 4.0367772e+05 
 0   135.4152450 4.0370556e+05 
 0   135.4356791 4.0367638e+05 
 0   135.4561135 4.0368662e+05 
 0   135.4765477 4.0370781e+05 
 0   135.4969818 4.0369828e+05 
 0   135.5174161 4.0369119e+05 
 0   135.5378503 4.0369516e+05 
 0   135.5582845 4.0367428e+05 
 0   135.5787187 4.0366666e+05 
 0   135.5991530 4.0371134e+05 
 0   135.6195871 4.0370931e+05 
 0   135.6400213 4.0368225e+05 
 0   135.6604556 4.0370591e+05 
 0   135.6808899 4.0369931e+05 
 0   135.7013240 4.0369291e+05 
 0   135.7217582 4.0372372e+05 
 0   135.7421925 4.0367994e+05 
 0   135.7626266 4.0368831e+05 
 0   135.7830609 4.0367909e+05 
 0   135.8034952 4.0368922e+05 
 0   135.8239293 4.0368894e+05 
 0   135.8443635 4.0372581e+05 
 0   135.8647977 4.0374534e+05 
 0   135.8852320 4.0370044e+05 
 0   135.9056662 4.0368350e+05 
 0   135.9261004 4.0366138e+05 
 0   135.9465345 4.0369269e+05 
 0   135.9669688 4.0369719e+05 
 0   135.9874030 4.0366978e+05 
 0   136.0078372 4.0367372e+05 
 0   136.0282715 4.0371544e+05 
 0   136.0487057 4.0367150e+05 
 0   136.0691398 4.0370403e+05 
 0   136.0895740 4.0366231e+05 
 0   136.1100083 4.0368631e+05 
 0   136.1304426 4.0367403e+05 
 0   136.1508767 4.0370703e+05 
 0   136.1713110 4.0369506e+05 
 0   136.1917452 4.0372050e+05 
 0   136.2121793 4.0370559e+05 
 0   136.2326135 4.0371944e+05 
 0   136.2530479 4.0367694e+05 
 0   136.2734820 4.0368603e+05 
 0   136.2939162 4.0369084e+05 
 0   136.3143505 4.0369953e+05 
 0   136.3347846 4.0367912e+05 
 0   136.3552188 4.0367009e+05 
 0   136.3756531 4.0372088e+05 
 0   136.3960873 4.0367531e+05 
 0   136.4165215 4.0368825e+05 
 0   136.4369557 4.0369056e+05 
 0   136.4573900 4.0370269e+05 
 0   136.4778241 4.0371853e+05 
 0   136.4982584 4.0368803e+05 
 0   136.5186926 4.0368350e+05 
 0   136.5391268 4.0368756e+05 
 0   136.5595610 4.0365184e+05 
 0   136.5799952 4.0370584e+05 
 0   136.6004294 4.0366962e+05 
 0   136.6208637 4.0371362e+05 
 0   136.6412979 4.0367938e+05 
 0   136.6617321 4.0368209e+05 
 0   136.6821663 4.0368272e+05 
 0   136.7026005 4.0370434e+05 
 0   136.7230347 4.0370012e+05 
 0   136.7434688 4.0371569e+05 
 0   136.7639032 4.0371159e+05 
 0   136.7843374 4.0368722e+05 
 0   136.8047715 4.0367978e+05 
 0   136.8252058 4.0373088e+05 
 0   136.8456400 4.0368422e+05 
 0   136.8660742 4.0371375e+05 
 0   136.8865083 4.0370584e+05 
 0   136.9069427 4.0367372e+05 
 0   136.9273769 4.0369150e+05 
 0   136.9478110 4.0366769e+05 
 0   136.9682453 4.0366497e+05 
 0   136.9886795 4.0370309e+05 
 0   137.0091136 4.0367828e+05 
 0   137.0295478 4.0366397e+05 
 0   137.0499822 4.0372312e+05 
 0   137.0704163 4.0369184e+05 
 0   137.0908505 4.0370331e+05 
 0   137.1112848 4.0370978e+05 
 0   137.1317189 4.0366972e+05 
 0   137.1521531 4.0364384e+05 
 0   137.1725873 4.0369056e+05 
 0   137.1930217 4.0369334e+05 
 0   137.2134558 4.0369788e+05 
 0   137.2338900 4.0368469e+05 
 0   137.2543241 4.0369206e+05 
 0   137.2747584 4.0365634e+05 
 0   137.2951926 4.0369722e+05 
 0   137.3156267 4.0366997e+05 
 0   137.3360610 4.0371547e+05 
 0   137.3564953 4.0369259e+05 
 0   137.3973636 4.0365800e+05 
 0   137.4177979 4.0369831e+05 
 0   137.4382321 4.0371294e+05 
 0   137.4586662 4.0361000e+05 
 0   137.4791005 4.0366512e+05 
 0   137.4995347 4.0361941e+05 
 0   137.5199689 4.0367644e+05 
 0   137.5404031 4.0367350e+05 
 0   137.5608374 4.0120025e+05 
 0   137.5812715 3.9798644e+05 
 0   137.6017057 3.9880050e+05 
 0   137.6221400 4.0295234e+05 
 0   137.6425742 4.0368159e+05 
 0   137.6630083 4.0369241e+05 
 0   137.6834425 4.0364100e+05 
 0   137.7038769 4.0367281e+05 
 0   137.7243110 4.0369812e+05 
 0   137.7447452 4.0368166e+05 
 0   137.7651795 4.0366509e+05 
 0   137.7856136 4.0367897e+05 
 0   137.8060478 4.0367981e+05 
 0   137.8264819 4.0369984e+05 
 0   137.8469162 4.0364244e+05 
 0   137.8673504 4.0368659e+05 
 0   137.8877846 4.0366641e+05 
 0   137.9082188 4.0372509e+05 
 0   137.9286531 4.0367716e+05 
 0   137.9490873 4.0367875e+05 
 0   137.9695214 4.0370325e+05 
 0   137.9899557 4.0368759e+05 
 0   138.0103899 4.0367634e+05 
 0   138.0308240 4.0366981e+05 
 0   138.0512582 4.0366756e+05 
 0   138.0716925 4.0371512e+05 
 0   138.0921267 4.0368572e+05 
 0   138.1125609 4.0368250e+05 
 0   138.1329952 4.0368200e+05 
 0   138.1534294 4.0368100e+05 
 0   138.1738635 4.0364034e+05 
 0   138.1942977 4.0366816e+05 
 0   138.2147320 4.0366469e+05 
 0   138.2351662 4.0366659e+05 
 0   138.2556003 4.0369184e+05 
 0   138.2760346 4.0371809e+05 
 0   138.2964688 4.0366297e+05 
 0   138.3169029 4.0368241e+05 
 0   138.3373372 4.0365766e+05 
 0   138.3577715 4.0370134e+05 
 0   138.3782057 4.0366166e+05 
 0   138.3986398 4.0367469e+05 
 0   138.4190741 4.0367872e+05 
 0   138.4395083 4.0369578e+05 
 0   138.4599424 4.0371119e+05 
 0   138.4803766 4.0368741e+05 
 0   138.5008109 4.0370406e+05 
 0   138.5212450 4.0371859e+05 
 0   138.5416792 4.0369972e+05 
 0   138.5621134 4.0369431e+05 
 0   138.5825476 4.0365984e+05 
 0   138.6029819 4.0365562e+05 
 0   138.6234161 4.0362809e+05 
 0   138.6438503 4.0366469e+05 
 0   138.6642845 4.0366822e+05 
 0   138.6847187 4.0369456e+05 
 0   138.7051528 4.0367116e+05 
 0   138.7255871 4.0366044e+05 
 0   138.7460213 4.0365231e+05 
 0   138.7664554 4.0366381e+05 
 0   138.7868897 4.0366750e+05 
 0   138.8073239 4.0364838e+05 
 0   138.8277580 4.0365303e+05 
 0   138.8481922 4.0370372e+05 
 0   138.8686265 4.0368584e+05 
 0   138.8890607 4.0368634e+05 
 0   138.9094949 4.0369884e+05 
 0   138.9299292 4.0366175e+05 
 0   138.9503634 4.0369859e+05 
 0   138.9707975 4.0368797e+05 
 0   138.9912317 4.0367625e+05 
 0   139.0116660 4.0370706e+05 
 0   139.0321001 4.0370300e+05 
 0   139.0525343 4.0367306e+05 
 0   139.0729686 4.0366078e+05 
 0   139.0934027 4.0370794e+05 
 0   139.1138369 4.0370131e+05 
 0   139.1342711 4.0364241e+05 
 0   139.1547053 4.0364588e+05 
 0   139.1751395 4.0364869e+05 
 0   139.1955737 4.0366147e+05 
 0   139.2160078 4.0366934e+05 
 0   139.2364421 4.0364638e+05 
 0   139.2568763 4.0369297e+05 
 0   139.2773104 4.0368844e+05 
 0   139.2977448 4.0367328e+05 
 0   139.3181790 4.0367769e+05 
 0   139.3386132 4.0368772e+05 
 0   139.3590473 4.0363016e+05 
 0   139.3794816 4.0367359e+05 
 0   139.3999158 4.0368741e+05 
 0   139.4203499 4.0365669e+05 
 0   139.4407842 4.0366875e+05 
 0   139.4612184 4.0368041e+05 
 0   139.4816525 4.0365938e+05 
 0   139.5020867 4.0369394e+05 
 0   139.5225210 4.0368091e+05 
 0   139.5429551 4.0369241e+05 
 0   139.5633893 4.0368131e+05 
 0   139.5838236 4.0367375e+05 
 0   139.6042577 4.0368638e+05 
 0   139.6246919 4.0370016e+05 
 0   139.6451261 4.0368888e+05 
 0   139.6655604 4.0364566e+05 
 0   139.6859945 4.0371597e+05 
 0   139.7064287 4.0370153e+05 
 0   139.7268629 4.0371688e+05 
 0   139.7472971 4.0365328e+05 
 0   139.7677313 4.0368391e+05 
 0   139.7881655 4.0366922e+05 
 0   139.8085997 4.0370856e+05 
 0   139.8290339 4.0367341e+05 
 0   139.8494681 4.0368575e+05 
 0   139.8699023 4.0365997e+05 
 0   139.8903365 4.0365950e+05 
 0   139.9107707 4.0365106e+05 
 0   139.9312049 4.0367259e+05 
 0   139.9516392 4.0368953e+05 
 0   139.9720733 4.0369362e+05 
 0   139.9925075 4.0367131e+05 
 0   140.0129416 4.0360028e+05 
 0   140.0333759 4.0069528e+05 
 0   140.0538101 3.9796747e+05 
 0   140.0742444 3.9909197e+05 
 0   140.0946786 4.0317647e+05 
 0   140.1151128 4.0373584e+05 
 0   140.1355470 4.0369100e+05 
 0   140.1559811 4.0370303e+05 
 0   140.1764154 4.0367116e+05 
 0   140.1968496 4.0368728e+05 
 0   140.2172837 4.0366391e+05 
 0   140.2377180 4.0366875e+05 
 0   140.2581522 4.0367669e+05 
 0   140.2785863 4.0367350e+05 
 0   140.2990205 4.0365291e+05 
 0   140.3194548 4.0365759e+05 
 0   140.3398889 4.0366100e+05 
 0   140.3807573 4.0368866e+05 
 0   140.4011916 4.0370206e+05 
 0   140.4216257 4.0368541e+05 
 0   140.4420599 4.0369303e+05 
 0   140.4624942 4.0368891e+05 
 0   140.4829282 4.0366291e+05 
 0   140.5033624 4.0369862e+05 
 0   140.5237965 4.0364562e+05 
 0   140.5442308 4.0367738e+05 
 0   140.5646650 4.0371475e+05 
 0   140.5850992 4.0368047e+05 
 0   140.6055334 4.0368634e+05 
 0   140.6259676 4.0366019e+05 
 0   140.6464018 4.0370212e+05 
 0   140.6668359 4.0367816e+05 
 0   140.6872702 4.0370212e+05 
 0   140.7077044 4.0370847e+05 
 0   140.7281385 4.0365912e+05 
 0   140.7485728 4.0367119e+05 
 0   140.7690070 4.0363688e+05 
 0   140.7894411 4.0371219e+05 
 0   140.8098753 4.0365394e+05 
 0   140.8303096 4.0364172e+05 
 0   140.8507438 4.0367134e+05 
 0   140.8711779 4.0365756e+05 
 0   140.8916121 4.0373338e+05 
 0   140.9120464 4.0370288e+05 
 0   140.9324805 4.0366194e+05 
 0   140.9529147 4.0366500e+05 
 0   140.9733490 4.0367119e+05 
 0   140.9937831 4.0369341e+05 
 0   141.0142173 4.0368259e+05 
 0   141.0346515 4.0369134e+05 
 0   141.0550857 4.0371031e+05 
 0   141.0755199 4.0368644e+05 
 0   141.0959541 4.0369906e+05 
 0   141.1163883 4.0366316e+05 
 0   141.1368225 4.0368544e+05 
 0   141.1572567 4.0369931e+05 
 0   141.1776908 4.0367366e+05 
 0   141.1981251 4.0367391e+05 
 0   141.2185593 4.0369372e+05 
 0   141.2389934 4.0369872e+05 
 0   141.2594276 4.0368106e+05 
 0   141.2798618 4.0367488e+05 
 0   141.3002959 4.0365441e+05 
 0   141.3207301 4.0368069e+05 
 0   141.3411644 4.0369438e+05 
 0   141.3615986 4.0370522e+05 
 0   141.3820327 4.0365912e+05 
 0   141.4024669 4.0369362e+05 
 0   141.4229012 4.0369400e+05 
 0   141.4433354 4.0366544e+05 
 0   141.4637695 4.0369622e+05 
 0   141.4842038 4.0369831e+05 
 0   141.5046380 4.0365359e+05 
 0   141.5250721 4.0371484e+05 
 0   141.5455063 4.0369769e+05 
 0   141.5659405 4.0370044e+05 
 0   141.5863748 4.0369812e+05 
 0   141.6068089 4.0365109e+05 
 0   141.6272431 4.0371047e+05 
 0   141.6476773 4.0366725e+05 
 0   141.6681114 4.0368547e+05 
 0   141.6885456 4.0368075e+05 
 0   141.7089799 4.0368016e+05 
 0   141.7294140 4.0367988e+05 
 0   141.7498482 4.0365134e+05 
 0   141.7702825 4.0367694e+05 
 0   141.7907166 4.0365025e+05 
 0   141.8111508 4.0367178e+05 
 0   141.8315850 4.0367850e+05 
 0   141.8520192 4.0365859e+05 
 0   141.8724534 4.0370575e+05 
 0   141.8928876 4.0369606e+05 
 0   141.9133219 4.0368859e+05 
 0   141.9337559 4.0368494e+05 
 0   141.9541901 4.0368897e+05 
 0   141.9746242 4.0370562e+05 
 0   141.9950585 4.0370522e+05 
 0   142.0154927 4.0370122e+05 
 0   142.0359268 4.0367206e+05 
 0   142.0563610 4.0365316e+05 
 0   142.0767953 4.0364197e+05 
 0   142.0972295 4.0369106e+05 
 0   142.1176636 4.0366669e+05 
 0   142.1380979 4.0366647e+05 
 0   142.1585321 4.0365172e+05 
 0   142.1789661 4.0372438e+05 
 0   142.1994003 4.0364803e+05 
 0   142.2198346 4.0366997e+05 
 0   142.2402687 4.0369012e+05 
 0   142.2607029 4.0372597e+05 
 0   142.2811372 4.0366594e+05 
 0   142.3015713 4.0367019e+05 
 0   142.3220055 4.0367906e+05 
 0   142.3424397 4.0366753e+05 
 0   142.3628740 4.0369616e+05 
 0   142.3833081 4.0366381e+05 
 0   142.4037422 4.0370741e+05 
 0   142.4241765 4.0366406e+05 
 0   142.4446106 4.0370575e+05 
 0   142.4650448 4.0368075e+05 
 0   142.4854789 4.0362375e+05 
 0   142.5059132 4.0024919e+05 
 0   142.5263474 3.9791978e+05 
 0   142.5467816 3.9941772e+05 
 0   142.5672157 4.0333956e+05 
 0   142.5876499 4.0363791e+05 
 0   142.6080841 4.0378162e+05 
 0   142.6285182 4.0365172e+05 
 0   142.6489525 4.0363134e+05 
 0   142.6693867 4.0366641e+05 
 0   142.6898208 4.0365125e+05 
 0   142.7102550 4.0366059e+05 
 0   142.7306893 4.0368512e+05 
 0   142.7511234 4.0366653e+05 
 0   142.7715575 4.0365600e+05 
 0   142.7919918 4.0371422e+05 
 0   142.8124259 4.0367906e+05 
 0   142.8328601 4.0366847e+05 
 0   142.8532943 4.0369619e+05 
 0   142.8737286 4.0368206e+05 
 0   142.8941627 4.0369116e+05 
 0   142.9145969 4.0370403e+05 
 0   142.9350311 4.0371191e+05 
 0   142.9554652 4.0369375e+05 
 0   142.9758994 4.0368169e+05 
 0   142.9963335 4.0369888e+05 
 0   143.0167678 4.0367269e+05 
 0   143.0372020 4.0367062e+05 
 0   143.0576362 4.0371425e+05 
 0   143.0780704 4.0365966e+05 
 0   143.0985045 4.0371734e+05 
 0   143.1189387 4.0365359e+05 
 0   143.1393729 4.0365641e+05 
 0   143.1598071 4.0365100e+05 
 0   143.1802413 4.0368619e+05 
 0   143.2006754 4.0367200e+05 
 0   143.2211096 4.0368306e+05 
 0   143.2415439 4.0366166e+05 
 0   143.2619780 4.0366488e+05 
 0   143.2824122 4.0369812e+05 
 0   143.3028464 4.0373434e+05 
 0   143.3232806 4.0366631e+05 
 0   143.3641489 4.0365200e+05 
 0   143.3845831 4.0368469e+05 
 0   143.4050173 4.0371462e+05 
 0   143.4254514 4.0370509e+05 
 0   143.4458857 4.0366591e+05 
 0   143.4663199 4.0369472e+05 
 0   143.4867540 4.0367812e+05 
 0   143.5071882 4.0365316e+05 
 0   143.5276224 4.0366444e+05 
 0   143.5480566 4.0368078e+05 
 0   143.5684907 4.0364209e+05 
 0   143.5889250 4.0366838e+05 
 0   143.6093592 4.0366897e+05 
 0   143.6297933 4.0366856e+05 
 0   143.6502274 4.0368650e+05 
 0   143.6706617 4.0367047e+05 
 0   143.6910958 4.0369516e+05 
 0   143.7115300 4.0366962e+05 
 0   143.7319642 4.0370038e+05 
 0   143.7523984 4.0370378e+05 
 0   143.7728326 4.0369969e+05 
 0   143.7932667 4.0366450e+05 
 0   143.8137009 4.0370222e+05 
 0   143.8341351 4.0366047e+05 
 0   143.8545693 4.0369419e+05 
 0   143.8750034 4.0365338e+05 
 0   143.8954376 4.0367053e+05 
 0   143.9158718 4.0367866e+05 
 0   143.9363059 4.0367159e+05 
 0   143.9567402 4.0367441e+05 
 0   143.9771744 4.0367059e+05 
 0   143.9976085 4.0366875e+05 
 0   144.0180426 4.0370116e+05 
 0   144.0384769 4.0368919e+05 
 0   144.0589111 4.0366678e+05 
 0   144.0793452 4.0366419e+05 
 0   144.0997795 4.0365838e+05 
 0   144.1202137 4.0372053e+05 
 0   144.1406477 4.0371581e+05 
 0   144.1610819 4.0373431e+05 
 0   144.1815162 4.0368366e+05 
 0   144.2019503 4.0368134e+05 
 0   144.2223845 4.0366391e+05 
 0   144.2428187 4.0367322e+05 
 0   144.2632528 4.0369122e+05 
 0   144.2836870 4.0372819e+05 
 0   144.3041212 4.0371041e+05 
 0   144.3245554 4.0367241e+05 
 0   144.3449895 4.0384412e+05 
 0   144.3654237 4.0367806e+05 
 0   144.3858578 4.0371116e+05 
 0   144.4062921 4.0367269e+05 
 0   144.4267263 4.0367919e+05 
 0   144.4471603 4.0369603e+05 
 0   144.4675946 4.0369484e+05 
 0   144.4880288 4.0370159e+05 
 0   144.5084629 4.0370969e+05 
 0   144.5288971 4.0368619e+05 
 0   144.5493313 4.0371778e+05 
 0   144.5697655 4.0392953e+05 
 0   144.5901996 4.0365466e+05 
 0   144.6106339 4.0367881e+05 
 0   144.6310681 4.0370678e+05 
 0   144.6515021 4.0371781e+05 
 0   144.6719363 4.0366056e+05 
 0   144.6923706 4.0371091e+05 
 0   144.7128047 4.0363062e+05 
 0   144.7332389 4.0367753e+05 
 0   144.7536731 4.0369525e+05 
 0   144.7741072 4.0367409e+05 
 0   144.7945414 4.0365894e+05 
 0   144.8149756 4.0367603e+05 
 0   144.8354098 4.0367572e+05 
 0   144.8558439 4.0363506e+05 
 0   144.8762781 4.0366700e+05 
 0   144.8967123 4.0367438e+05 
 0   144.9171465 4.0366306e+05 
 0   144.9375806 4.0367803e+05 
 0   144.9580148 4.0351719e+05 
 0   144.9784491 3.9982319e+05 
 0   144.9988832 3.9787481e+05 
 0   145.0193173 3.9982459e+05 
 0   145.0397515 4.0353653e+05 
 0   145.0601857 4.0365800e+05 
 0   145.0806199 4.0363384e+05 
 0   145.1010540 4.0370288e+05 
 0   145.1214883 4.0370738e+05 
 0   145.1419224 4.0366334e+05 
 0   145.1623566 4.0366444e+05 
 0   145.1827907 4.0369297e+05 
 0   145.2032249 4.0361753e+05 
 0   145.2236591 4.0365681e+05 
 0   145.2440932 4.0366625e+05 
 0   145.2645275 4.0366197e+05 
 0   145.2849616 4.0364503e+05 
 0   145.3053958 4.0366906e+05 
 0   145.3258299 4.0369038e+05 
 0   145.3462642 4.0369606e+05 
 0   145.3666983 4.0367362e+05 
 0   145.3871324 4.0367466e+05 
 0   145.4075667 4.0369669e+05 
 0   145.4280009 4.0367100e+05 
 0   145.4484349 4.0365397e+05 
 0   145.4688691 4.0369138e+05 
 0   145.4893034 4.0367909e+05 
 0   145.5097375 4.0366331e+05 
 0   145.5301716 4.0368434e+05 
 0   145.5506058 4.0367231e+05 
 0   145.5710401 4.0369562e+05 
 0   145.5914742 4.0366338e+05 
 0   145.6119083 4.0370672e+05 
 0   145.6323426 4.0370300e+05 
 0   145.6527767 4.0367297e+05 
 0   145.6732108 4.0369375e+05 
 0   145.6936449 4.0365153e+05 
 0   145.7140792 4.0366134e+05 
 0   145.7345134 4.0366166e+05 
 0   145.7549475 4.0367850e+05 
 0   145.7753817 4.0369191e+05 
 0   145.7958159 4.0367300e+05 
 0   145.8162501 4.0371406e+05 
 0   145.8366841 4.0369678e+05 
 0   145.8571184 4.0369638e+05 
 0   145.8775526 4.0367791e+05 
 0   145.8979866 4.0364822e+05 
 0   145.9184209 4.0363328e+05 
 0   145.9388551 4.0366481e+05 
 0   145.9592892 4.0368275e+05 
 0   145.9797233 4.0364906e+05 
 0   146.0001576 4.0367741e+05 
 0   146.0205918 4.0369350e+05 
 0   146.0410259 4.0366903e+05 
 0   146.0614601 4.0371794e+05 
 0   146.0818943 4.0367881e+05 
 0   146.1023284 4.0369472e+05 
 0   146.1227625 4.0371319e+05 
 0   146.1431968 4.0369319e+05 
 0   146.1636309 4.0367159e+05 
 0   146.1840651 4.0371756e+05 
 0   146.2044992 4.0374372e+05 
 0   146.2249334 4.0367291e+05 
 0   146.2453676 4.0370469e+05 
 0   146.2658017 4.0368831e+05 
 0   146.2862359 4.0369378e+05 
 0   146.3066701 4.0367041e+05 
 0   146.3475383 4.0366025e+05 
 0   146.3679726 4.0371016e+05 
 0   146.3884068 4.0366272e+05 
 0   146.4088408 4.0368303e+05 
 0   146.4292751 4.0367797e+05 
 0   146.4497093 4.0366525e+05 
 0   146.4701433 4.0369031e+05 
 0   146.4905776 4.0369378e+05 
 0   146.5110118 4.0368431e+05 
 0   146.5314459 4.0367334e+05 
 0   146.5518800 4.0366238e+05 
 0   146.5723143 4.0365888e+05 
 0   146.5927484 4.0371697e+05 
 0   146.6131826 4.0364953e+05 
 0   146.6336167 4.0366806e+05 
 0   146.6540510 4.0371922e+05 
 0   146.6744851 4.0369431e+05 
 0   146.6949192 4.0365256e+05 
 0   146.7153535 4.0368647e+05 
 0   146.7357876 4.0366059e+05 
 0   146.7562218 4.0367053e+05 
 0   146.7766559 4.0368288e+05 
 0   146.7970901 4.0367394e+05 
 0   146.8175243 4.0371253e+05 
 0   146.8379584 4.0367344e+05 
 0   146.8583925 4.0366453e+05 
 0   146.8788268 4.0367303e+05 
 0   146.8992609 4.0370647e+05 
 0   146.9196950 4.0370462e+05 
 0   146.9401293 4.0366375e+05 
 0   146.9605634 4.0367256e+05 
 0   146.9809975 4.0366569e+05 
 0   147.0014317 4.0369559e+05 
 0   147.0218659 4.0368791e+05 
 0   147.0423000 4.0365878e+05 
 0   147.0627342 4.0372628e+05 
 0   147.0831685 4.0370825e+05 
 0   147.1036025 4.0370028e+05 
 0   147.1240367 4.0367772e+05 
 0   147.1444708 4.0365988e+05 
 0   147.1649050 4.0366859e+05 
 0   147.1853392 4.0367862e+05 
 0   147.2057733 4.0367841e+05 
 0   147.2262075 4.0367662e+05 
 0   147.2466417 4.0368416e+05 
 0   147.2670758 4.0370384e+05 
 0   147.2875099 4.0367259e+05 
 0   147.3079442 4.0368306e+05 
 0   147.3283783 4.0369419e+05 
 0   147.3488124 4.0368047e+05 
 0   147.3692466 4.0368631e+05 
 0   147.3896808 4.0365972e+05 
 0   147.4101149 4.0367344e+05 
 0   147.4305491 4.0338525e+05 
 0   147.4509833 3.9941947e+05 
 0   147.4714174 3.9796100e+05 
 0   147.4918516 4.0028566e+05 
 0   147.5122857 4.0362453e+05 
 0   147.5327200 4.0367178e+05 
 0   147.5531540 4.0371753e+05 
 0   147.5735882 4.0368462e+05 
 0   147.5940225 4.0370678e+05 
 0   147.6144565 4.0367016e+05 
 0   147.6348907 4.0366147e+05 
 0   147.6553248 4.0367569e+05 
 0   147.6757590 4.0364850e+05 
 0   147.6961932 4.0365394e+05 
 0   147.7166272 4.0366591e+05 
 0   147.7370615 4.0367191e+05 
 0   147.7574957 4.0369044e+05 
 0   147.7779298 4.0366953e+05 
 0   147.7983639 4.0368791e+05 
 0   147.8187982 4.0367562e+05 
 0   147.8392323 4.0367106e+05 
 0   147.8596664 4.0370753e+05 
 0   147.8801005 4.0367697e+05 
 0   147.9209689 4.0369750e+05 
 0   147.9414030 4.0368184e+05 
 0   147.9618373 4.0368931e+05 
 0   147.9822713 4.0370600e+05 
 0   148.0027055 4.0368147e+05 
 0   148.0231397 4.0367266e+05 
 0   148.0435739 4.0369031e+05 
 0   148.0640080 4.0366728e+05 
 0   148.0844422 4.0371097e+05 
 0   148.1048764 4.0367025e+05 
 0   148.1253105 4.0368522e+05 
 0   148.1457446 4.0368784e+05 
 0   148.1661788 4.0370284e+05 
 0   148.1866130 4.0371131e+05 
 0   148.2070471 4.0370994e+05 
 0   148.2274813 4.0369438e+05 
 0   148.2479155 4.0369038e+05 
 0   148.2683496 4.0369588e+05 
 0   148.2887837 4.0368372e+05 
 0   148.3092179 4.0370425e+05 
 0   148.3296521 4.0368681e+05 
 0   148.3500862 4.0371459e+05 
 0   148.3705204 4.0370856e+05 
 0   148.3909544 4.0364034e+05 
 0   148.4113887 4.0366362e+05 
 0   148.4318229 4.0370100e+05 
 0   148.4522570 4.0368344e+05 
 0   148.4726912 4.0368434e+05 
 0   148.4931253 4.0369906e+05 
 0   148.5135595 4.0368759e+05 
 0   148.5339935 4.0366675e+05 
 0   148.5544278 4.0378662e+05 
 0   148.5748620 4.0369350e+05 
 0   148.5952960 4.0367481e+05 
 0   148.6157303 4.0369469e+05 
 0   148.6361644 4.0367194e+05 
 0   148.6565985 4.0369841e+05 
 0   148.6770326 4.0368331e+05 
 0   148.6974669 4.0369441e+05 
 0   148.7179010 4.0366047e+05 
 0   148.7383351 4.0366228e+05 
 0   148.7587694 4.0368906e+05 
 0   148.7792035 4.0369644e+05 
 0   148.7996376 4.0369138e+05 
 0   148.8200717 4.0368419e+05 
 0   148.8405060 4.0369012e+05 
 0   148.8609401 4.0373709e+05 
 0   148.8813742 4.0368988e+05 
 0   148.9018085 4.0369119e+05 
 0   148.9222425 4.0367716e+05 
 0   148.9426767 4.0369772e+05 
 0   148.9631108 4.0370122e+05 
 0   148.9835450 4.0367691e+05 
 0   149.0039791 4.0367781e+05 
 0   149.0244133 4.0373066e+05 
 0   149.0448474 4.0368291e+05 
 0   149.0652816 4.0369872e+05 
 0   149.0857158 4.0367631e+05 
 0   149.1061498 4.0366569e+05 
 0   149.1265841 4.0367544e+05 
 0   149.1470182 4.0371575e+05 
 0   149.1674523 4.0368169e+05 
 0   149.1878864 4.0371384e+05 
 0   149.2083207 4.0373500e+05 
 0   149.2287548 4.0369784e+05 
 0   149.2491889 4.0371112e+05 
 0   149.2696232 4.0366225e+05 
 0   149.2900573 4.0368500e+05 
 0   149.3309255 4.0369434e+05 
 0   149.3513598 4.0369922e+05 
 0   149.3717938 4.0368041e+05 
 0   149.3922280 4.0365928e+05 
 0   149.4126622 4.0371153e+05 
 0   149.4330963 4.0366281e+05 
 0   149.4535304 4.0368222e+05 
 0   149.4739646 4.0369334e+05 
 0   149.4943987 4.0366666e+05 
 0   149.5148329 4.0370466e+05 
 0   149.5352670 4.0371084e+05 
 0   149.5557013 4.0371356e+05 
 0   149.5761353 4.0370522e+05 
 0   149.5965695 4.0363903e+05 
 0   149.6170035 4.0369234e+05 
 0   149.6374378 4.0367403e+05 
 0   149.6578719 4.0369628e+05 
 0   149.6783060 4.0372344e+05 
 0   149.6987401 4.0369562e+05 
 0   149.7191744 4.0366859e+05 
 0   149.7396085 4.0368403e+05 
 0   149.7600426 4.0369312e+05 
 0   149.7804769 4.0370938e+05 
 0   149.8009110 4.0368809e+05 
 0   149.8213451 4.0368281e+05 
 0   149.8417792 4.0370462e+05 
 0   149.8622135 4.0368859e+05 
 0   149.8826476 4.0361688e+05 
 0   149.9030817 4.0314109e+05 
 0   149.9235159 3.9907988e+05 
 0   149.9439501 3.9801241e+05 
 0   149.9643842 4.0073762e+05 
 0   149.9848182 4.0367403e+05 
 0   150.0052525 4.0368894e+05 
 0   150.0256866 4.0372984e+05 
 0   150.0461207 4.0372884e+05 
 0   150.0665549 4.0369209e+05 
 0   150.0869891 4.0370538e+05 
 0   150.1074231 4.0367200e+05 
 0   150.1278573 4.0369409e+05 
 0   150.1482915 4.0368919e+05 
 0   150.1687256 4.0368219e+05 
 0   150.1891597 4.0369800e+05 
 0   150.2095940 4.0375209e+05 
 0   150.2300280 4.0372981e+05 
 0   150.2504622 4.0369253e+05 
 0   150.2708963 4.0371212e+05 
 0   150.2913306 4.0370647e+05 
 0   150.3117646 4.0370553e+05 
 0   150.3321988 4.0369319e+05 
 0   150.3526328 4.0370797e+05 
 0   150.3730671 4.0370778e+05 
 0   150.3935012 4.0377269e+05 
 0   150.4139353 4.0370256e+05 
 0   150.4343695 4.0367419e+05 
 0   150.4548037 4.0370362e+05 
 0   150.4752378 4.0368212e+05 
 0   150.4956718 4.0373112e+05 
 0   150.5161061 4.0372662e+05 
 0   150.5365402 4.0369078e+05 
 0   150.5569743 4.0369919e+05 
 0   150.5774085 4.0367269e+05 
 0   150.5978427 4.0367619e+05 
 0   150.6182767 4.0369684e+05 
 0   150.6387109 4.0370734e+05 
 0   150.6591451 4.0368075e+05 
 0   150.6795792 4.0374012e+05 
 0   150.7000133 4.0371803e+05 
 0   150.7204475 4.0367569e+05 
 0   150.7408817 4.0369028e+05 
 0   150.7613157 4.0369047e+05 
 0   150.7817499 4.0369009e+05 
 0   150.8021841 4.0369469e+05 
 0   150.8226182 4.0368788e+05 
 0   150.8430523 4.0365903e+05 
 0   150.8634866 4.0366700e+05 
 0   150.8839206 4.0370916e+05 
 0   150.9043547 4.0365712e+05 
 0   150.9247889 4.0370466e+05 
 0   150.9452230 4.0369288e+05 
 0   150.9656572 4.0372869e+05 
 0   150.9860913 4.0370516e+05 
 0   151.0065254 4.0369266e+05 
 0   151.0269596 4.0369022e+05 
 0   151.0473937 4.0370584e+05 
 0   151.0678278 4.0369325e+05 
 0   151.0882620 4.0373100e+05 
 0   151.1086962 4.0370616e+05 
 0   151.1291302 4.0372206e+05 
 0   151.1495644 4.0376050e+05 
 0   151.1699986 4.0375041e+05 
 0   151.1904326 4.0372256e+05 
 0   151.2108668 4.0371453e+05 
 0   151.2313010 4.0370038e+05 
 0   151.2517352 4.0371150e+05 
 0   151.2721692 4.0373512e+05 
 0   151.2926034 4.0371272e+05 
 0   151.3130376 4.0370297e+05 
 0   151.3334716 4.0370072e+05 
 0   151.3539058 4.0370203e+05 
 0   151.3743400 4.0370650e+05 
 0   151.3947741 4.0370934e+05 
 0   151.4152082 4.0372166e+05 
 0   151.4356423 4.0370725e+05 
 0   151.4560765 4.0371197e+05 
 0   151.4765106 4.0371362e+05 
 0   151.4969448 4.0371784e+05 
 0   151.5173789 4.0369919e+05 
 0   151.5378130 4.0371497e+05 
 0   151.5582472 4.0372384e+05 
 0   151.5786813 4.0369325e+05 
 0   151.5991156 4.0369069e+05 
 0   151.6195496 4.0367716e+05 
 0   151.6399837 4.0367375e+05 
 0   151.6808520 4.0372159e+05 
 0   151.7012862 4.0371344e+05 
 0   151.7217203 4.0371022e+05 
 0   151.7421544 4.0370841e+05 
 0   151.7625886 4.0371175e+05 
 0   151.7830227 4.0370975e+05 
 0   151.8034567 4.0369872e+05 
 0   151.8238910 4.0371162e+05 
 0   151.8443251 4.0372438e+05 
 0   151.8647592 4.0372175e+05 
 0   151.8851934 4.0374050e+05 
 0   151.9056275 4.0371222e+05 
 0   151.9260616 4.0370769e+05 
 0   151.9464957 4.0369462e+05 
 0   151.9669300 4.0373156e+05 
 0   151.9873641 4.0370069e+05 
 0   152.0077981 4.0370722e+05 
 0   152.0282324 4.0363575e+05 
 0   152.0486665 4.0373375e+05 
 0   152.0691005 4.0373828e+05 
 0   152.0895347 4.0373075e+05 
 0   152.1099689 4.0367722e+05 
 0   152.1304029 4.0373931e+05 
 0   152.1508371 4.0371628e+05 
 0   152.1712712 4.0369378e+05 
 0   152.1917054 4.0373128e+05 
 0   152.2121395 4.0371634e+05 
 0   152.2325736 4.0381078e+05 
 0   152.2530079 4.0374075e+05 
 0   152.2734419 4.0370953e+05 
 0   152.3143101 4.0372778e+05 
 0   152.3347443 4.0372188e+05 
 0   152.3551784 4.0363884e+05 
 0   152.3756125 4.0299156e+05 
 0   152.3960467 3.9885028e+05 
 0   152.4164808 3.9804400e+05 
 0   152.4369150 4.0125997e+05 
 0   152.4573490 4.0370084e+05 
 0   152.4777832 4.0368312e+05 
 0   152.4982174 4.0372181e+05 
 0   152.5186514 4.0367653e+05 
 0   152.5390856 4.0373041e+05 
 0   152.5595198 4.0372862e+05 
 0   152.5799538 4.0371681e+05 
 0   152.6003879 4.0373141e+05 
 0   152.6208222 4.0374069e+05 
 0   152.6412562 4.0369362e+05 
 0   152.6821245 4.0368359e+05 
 0   152.7025586 4.0369362e+05 
 0   152.7229927 4.0374397e+05 
 0   152.7434269 4.0375369e+05 
 0   152.7638611 4.0373281e+05 
 0   152.7842951 4.0371634e+05 
 0   152.8047293 4.0371369e+05 
 0   152.8251633 4.0370541e+05 
 0   152.8455975 4.0373556e+05 
 0   152.8660317 4.0371059e+05 
 0   152.8864657 4.0372375e+05 
 0   152.9068999 4.0372238e+05 
 0   152.9273341 4.0375672e+05 
 0   152.9477682 4.0373159e+05 
 0   152.9682022 4.0372422e+05 
 0   152.9886365 4.0370544e+05 
 0   153.0090706 4.0373344e+05 
 0   153.0295046 4.0371506e+05 
 0   153.0499388 4.0372909e+05 
 0   153.0703730 4.0371088e+05 
 0   153.0908070 4.0373162e+05 
 0   153.1112411 4.0373144e+05 
 0   153.1316754 4.0371475e+05 
 0   153.1521094 4.0376253e+05 
 0   153.1725435 4.0373556e+05 
 0   153.1929777 4.0372566e+05 
 0   153.2134119 4.0370978e+05 
 0   153.2338460 4.0368531e+05 
 0   153.2542800 4.0374353e+05 
 0   153.2747143 4.0373166e+05 
 0   153.2951484 4.0371100e+05 
 0   153.3155824 4.0370391e+05 
 0   153.3360166 4.0373703e+05 
 0   153.3564507 4.0370734e+05 
 0   153.3768848 4.0374962e+05 
 0   153.3973189 4.0375081e+05 
 0   153.4177532 4.0373125e+05 
 0   153.4381873 4.0370334e+05 
 0   153.4586213 4.0369653e+05 
 0   153.4790555 4.0371038e+05 
 0   153.4994897 4.0374300e+05 
 0   153.5199237 4.0373944e+05 
 0   153.5403578 4.0373694e+05 
 0   153.5607921 4.0372103e+05 
 0   153.5812261 4.0373688e+05 
 0   153.6016602 4.0375588e+05 
 0   153.6220943 4.0372969e+05 
 0   153.6425285 4.0370378e+05 
 0   153.6629626 4.0369809e+05 
 0   153.6833967 4.0368109e+05 
 0   153.7038308 4.0372016e+05 
 0   153.7242650 4.0372722e+05 
 0   153.7446991 4.0370244e+05 
 0   153.7651331 4.0371750e+05 
 0   153.7855674 4.0374725e+05 
 0   153.8060015 4.0374188e+05 
 0   153.8264355 4.0375397e+05 
 0   153.8468696 4.0371581e+05 
 0   153.8673039 4.0374588e+05 
 0   153.8877379 4.0369559e+05 
 0   153.9081720 4.0372584e+05 
 0   153.9286062 4.0376850e+05 
 0   153.9490404 4.0375356e+05 
 0   153.9694744 4.0372122e+05 
 0   153.9899085 4.0373650e+05 
 0   154.0103427 4.0375216e+05 
 0   154.0307768 4.0373534e+05 
 0   154.0512109 4.0371997e+05 
 0   154.0716451 4.0373591e+05 
 0   154.0920791 4.0374134e+05 
 0   154.1125133 4.0373316e+05 
 0   154.1329474 4.0371816e+05 
 0   154.1533815 4.0371053e+05 
 0   154.1738156 4.0371134e+05 
 0   154.1942497 4.0373175e+05 
 0   154.2146839 4.0376012e+05 
 0   154.2351180 4.0373625e+05 
 0   154.2555521 4.0371719e+05 
 0   154.2759861 4.0370197e+05 
 0   154.2964204 4.0372097e+05 
 0   154.3168545 4.0368522e+05 
 0   154.3372885 4.0372494e+05 
 0   154.3577226 4.0370612e+05 
 0   154.3781569 4.0372341e+05 
 0   154.3985909 4.0372506e+05 
 0   154.4190250 4.0374506e+05 
 0   154.4394592 4.0373209e+05 
 0   154.4598933 4.0375875e+05 
 0   154.4803274 4.0369366e+05 
 0   154.5007615 4.0373797e+05 
 0   154.5211957 4.0368522e+05 
 0   154.5416297 4.0371734e+05 
 0   154.5620638 4.0371772e+05 
 0   154.5824981 4.0373606e+05 
 0   154.6029321 4.0372512e+05 
 0   154.6233662 4.0376381e+05 
 0   154.6438003 4.0371547e+05 
 0   154.6642344 4.0372525e+05 
 0   154.6846686 4.0374331e+05 
 0   154.7051027 4.0371931e+05 
 0   154.7255369 4.0372953e+05 
 0   154.7459709 4.0373384e+05 
 0   154.7664050 4.0370812e+05 
 0   154.7868392 4.0375162e+05 
 0   154.8072733 4.0371778e+05 
 0   154.8277074 4.0370628e+05 
 0   154.8481414 4.0268797e+05 
 0   154.8685756 3.9859706e+05 
 0   154.8890098 3.9817353e+05 
 0   154.9094439 4.0171166e+05 
 0   154.9298780 4.0372803e+05 
 0   154.9503121 4.0372241e+05 
 0   154.9707462 4.0376162e+05 
 0   154.9911803 4.0373134e+05 
 0   155.0116144 4.0370816e+05 
 0   155.0320486 4.0371509e+05 
 0   155.0524827 4.0374753e+05 
 0   155.0729167 4.0372253e+05 
 0   155.0933509 4.0373219e+05 
 0   155.1137851 4.0374594e+05 
 0   155.1342191 4.0371222e+05 
 0   155.1546532 4.0374584e+05 
 0   155.1750874 4.0376781e+05 
 0   155.1955215 4.0373606e+05 
 0   155.2159555 4.0371538e+05 
 0   155.2363897 4.0372525e+05 
 0   155.2568239 4.0373147e+05 
 0   155.2976920 4.0374634e+05 
 0   155.3181262 4.0373197e+05 
 0   155.3385602 4.0371616e+05 
 0   155.3589943 4.0375544e+05 
 0   155.3794285 4.0374253e+05 
 0   155.3998626 4.0376338e+05 
 0   155.4202967 4.0376956e+05 
 0   155.4407308 4.0371069e+05 
 0   155.4611650 4.0374012e+05 
 0   155.4815990 4.0374141e+05 
 0   155.5020332 4.0377609e+05 
 0   155.5224672 4.0371616e+05 
 0   155.5429014 4.0374694e+05 
 0   155.5837695 4.0376262e+05 
 0   155.6042037 4.0373091e+05 
 0   155.6246378 4.0375309e+05 
 0   155.6450720 4.0372444e+05 
 0   155.6655060 4.0376062e+05 
 0   155.6859402 4.0373128e+05 
 0   155.7063743 4.0375056e+05 
 0   155.7268083 4.0374362e+05 
 0   155.7472424 4.0375766e+05 
 0   155.7676766 4.0373916e+05 
 0   155.7881106 4.0373981e+05 
 0   155.8085448 4.0374131e+05 
 0   155.8289790 4.0371500e+05 
 0   155.8494130 4.0377603e+05 
 0   155.8698471 4.0374388e+05 
 0   155.8902812 4.0373006e+05 
 0   155.9107154 4.0376038e+05 
 0   155.9311494 4.0370869e+05 
 0   155.9515835 4.0373600e+05 
 0   155.9720178 4.0370088e+05 
 0   155.9924518 4.0371931e+05 
 0   156.0128859 4.0373809e+05 
 0   156.0333199 4.0370222e+05 
 0   156.0537541 4.0371634e+05 
 0   156.0741882 4.0372522e+05 
 0   156.0946223 4.0372681e+05 
 0   156.1150564 4.0375050e+05 
 0   156.1354905 4.0370788e+05 
 0   156.1559246 4.0375362e+05 
 0   156.1763587 4.0373644e+05 
 0   156.1967929 4.0374166e+05 
 0   156.2172270 4.0375341e+05 
 0   156.2376610 4.0373484e+05 
 0   156.2580951 4.0371891e+05 
 0   156.2785293 4.0372362e+05 
 0   156.2989633 4.0373050e+05 
 0   156.3193974 4.0374066e+05 
 0   156.3398316 4.0372209e+05 
 0   156.3602656 4.0373197e+05 
 0   156.3806998 4.0372756e+05 
 0   156.4011339 4.0371984e+05 
 0   156.4215681 4.0372872e+05 
 0   156.4420021 4.0370178e+05 
 0   156.4624362 4.0371159e+05 
 0   156.4828704 4.0372819e+05 
 0   156.5033044 4.0374497e+05 
 0   156.5237385 4.0371497e+05 
 0   156.5441726 4.0370059e+05 
 0   156.5646067 4.0374538e+05 
 0   156.5850408 4.0375141e+05 
 0   156.6054749 4.0370941e+05 
 0   156.6259090 4.0374150e+05 
 0   156.6463432 4.0373650e+05 
 0   156.6667773 4.0372222e+05 
 0   156.6872114 4.0372209e+05 
 0   156.7076455 4.0374675e+05 
 0   156.7280796 4.0373741e+05 
 0   156.7485137 4.0370350e+05 
 0   156.7689477 4.0374569e+05 
 0   156.7893819 4.0373675e+05 
 0   156.8098160 4.0370341e+05 
 0   156.8302501 4.0375159e+05 
 0   156.8506842 4.0372391e+05 
 0   156.8711183 4.0374028e+05 
 0   156.8915524 4.0371403e+05 
 0   156.9119864 4.0373559e+05 
 0   156.9324206 4.0368638e+05 
 0   156.9528547 4.0372362e+05 
 0   156.9732887 4.0374075e+05 
 0   156.9937229 4.0373466e+05 
 0   157.0141570 4.0370528e+05 
 0   157.0345911 4.0372559e+05 
 0   157.0550252 4.0373100e+05 
 0   157.0754594 4.0368628e+05 
 0   157.0958934 4.0368175e+05 
 0   157.1163275 4.0372812e+05 
 0   157.1367617 4.0372950e+05 
 0   157.1571958 4.0375328e+05 
 0   157.1776298 4.0375869e+05 
 0   157.1980639 4.0369038e+05 
 0   157.2184981 4.0375103e+05 
 0   157.2389321 4.0369103e+05 
 0   157.2593662 4.0369953e+05 
 0   157.2798003 4.0373372e+05 
 0   157.3002344 4.0368744e+05 
 0   157.3206685 4.0235341e+05 
 0   157.3411026 3.9839878e+05 
 0   157.3615367 3.9828834e+05 
 0   157.3819708 4.0209356e+05 
 0   157.4024049 4.0371831e+05 
 0   157.4228389 4.0373347e+05 
 0   157.4432731 4.0372088e+05 
 0   157.4637072 4.0375056e+05 
 0   157.4841412 4.0372712e+05 
 0   157.5045754 4.0371728e+05 
 0   157.5250095 4.0373025e+05 
 0   157.5454435 4.0373056e+05 
 0   157.5658776 4.0369331e+05 
 0   157.5863118 4.0372616e+05 
 0   157.6067458 4.0371059e+05 
 0   157.6271799 4.0371888e+05 
 0   157.6476141 4.0374650e+05 
 0   157.6680482 4.0376088e+05 
 0   157.6884822 4.0371875e+05 
 0   157.7089163 4.0377297e+05 
 0   157.7293505 4.0374766e+05 
 0   157.7497845 4.0371059e+05 
 0   157.7702186 4.0373662e+05 
 0   157.7906528 4.0373434e+05 
 0   157.8110868 4.0373494e+05 
 0   157.8315209 4.0372528e+05 
 0   157.8519550 4.0371441e+05 
 0   157.8723891 4.0372659e+05 
 0   157.8928232 4.0371950e+05 
 0   157.9132573 4.0371553e+05 
 0   157.9336913 4.0371438e+05 
 0   157.9541255 4.0375269e+05 
 0   157.9745596 4.0374203e+05 
 0   157.9949936 4.0374753e+05 
 0   158.0154278 4.0376738e+05 
 0   158.0358619 4.0374538e+05 
 0   158.0562959 4.0373619e+05 
 0   158.0767300 4.0372097e+05 
 0   158.0971642 4.0373856e+05 
 0   158.1175983 4.0370047e+05 
 0   158.1380323 4.0372009e+05 
 0   158.1584665 4.0368478e+05 
 0   158.1789006 4.0369394e+05 
 0   158.1993346 4.0373716e+05 
 0   158.2197687 4.0373769e+05 
 0   158.2402029 4.0371266e+05 
 0   158.2810709 4.0375703e+05 
 0   158.3015051 4.0373469e+05 
 0   158.3219392 4.0375672e+05 
 0   158.3423732 4.0373300e+05 
 0   158.3628073 4.0373778e+05 
 0   158.3832415 4.0377684e+05 
 0   158.4036756 4.0372838e+05 
 0   158.4241096 4.0374609e+05 
 0   158.4445437 4.0375991e+05 
 0   158.4649779 4.0373812e+05 
 0   158.4854119 4.0373525e+05 
 0   158.5058460 4.0371228e+05 
 0   158.5262802 4.0373597e+05 
 0   158.5467142 4.0371334e+05 
 0   158.5671483 4.0371944e+05 
 0   158.5875824 4.0372016e+05 
 0   158.6080165 4.0372228e+05 
 0   158.6284505 4.0381188e+05 
 0   158.6488846 4.0374906e+05 
 0   158.6693188 4.0371738e+05 
 0   158.6897528 4.0374844e+05 
 0   158.7101869 4.0372750e+05 
 0   158.7306209 4.0374959e+05 
 0   158.7510551 4.0373891e+05 
 0   158.7714892 4.0375053e+05 
 0   158.7919233 4.0375928e+05 
 0   158.8123574 4.0373125e+05 
 0   158.8327915 4.0372006e+05 
 0   158.8532256 4.0374134e+05 
 0   158.8736595 4.0370681e+05 
 0   158.8940937 4.0371600e+05 
 0   158.9145278 4.0371531e+05 
 0   158.9349618 4.0374453e+05 
 0   158.9553960 4.0370456e+05 
 0   158.9758301 4.0373522e+05 
 0   158.9962641 4.0373400e+05 
 0   159.0166982 4.0374450e+05 
 0   159.0371324 4.0371066e+05 
 0   159.0575664 4.0371744e+05 
 0   159.0780005 4.0372072e+05 
 0   159.0984345 4.0372959e+05 
 0   159.1188687 4.0374553e+05 
 0   159.1393027 4.0373528e+05 
 0   159.1597368 4.0371662e+05 
 0   159.1801710 4.0370281e+05 
 0   159.2006050 4.0370312e+05 
 0   159.2210391 4.0369916e+05 
 0   159.2414731 4.0371681e+05 
 0   159.2619073 4.0371681e+05 
 0   159.2823413 4.0373156e+05 
 0   159.3027754 4.0371234e+05 
 0   159.3232095 4.0373012e+05 
 0   159.3436436 4.0374841e+05 
 0   159.3640777 4.0372750e+05 
 0   159.3845117 4.0371344e+05 
 0   159.4049459 4.0377416e+05 
 0   159.4253800 4.0375316e+05 
 0   159.4458139 4.0370850e+05 
 0   159.4662481 4.0371459e+05 
 0   159.4866822 4.0371053e+05 
 0   159.5071162 4.0371450e+05 
 0   159.5275503 4.0373150e+05 
 0   159.5479845 4.0370938e+05 
 0   159.5684185 4.0372300e+05 
 0   159.5888526 4.0367562e+05 
 0   159.6092866 4.0370581e+05 
 0   159.6297208 4.0371325e+05 
 0   159.6501548 4.0373175e+05 
 0   159.6705889 4.0371350e+05 
 0   159.6910231 4.0370931e+05 
 0   159.7114571 4.0371378e+05 
 0   159.7318912 4.0369316e+05 
 0   159.7523252 4.0372166e+05 
 0   159.7727593 4.0370800e+05 
 0   159.7931934 4.0194069e+05 
 0   159.8136275 3.9821994e+05 
 0   159.8340616 3.9846259e+05 
 0   159.8544957 4.0245722e+05 
 0   159.8749297 4.0370597e+05 
 0   159.8953637 4.0373041e+05 
 0   159.9157979 4.0372884e+05 
 0   159.9362320 4.0371894e+05 
 0   159.9566661 4.0373356e+05 
 0   159.9771002 4.0375094e+05 
 0   159.9975342 4.0374722e+05 
 0   160.0179683 4.0372894e+05 
 0   160.0384024 4.0374022e+05 
 0   160.0588365 4.0371462e+05 
 0   160.0792706 4.0373234e+05 
 0   160.0997047 4.0372559e+05 
 0   160.1201386 4.0372191e+05 
 0   160.1405728 4.0371450e+05 
 0   160.1610069 4.0370453e+05 
 0   160.1814409 4.0370512e+05 
 0   160.2018751 4.0372853e+05 
 0   160.2223092 4.0368934e+05 
 0   160.2427431 4.0369934e+05 
 0   160.2631772 4.0370059e+05 
 0   160.2836114 4.0371331e+05 
 0   160.3040454 4.0371741e+05 
 0   160.3244795 4.0370544e+05 
 0   160.3449136 4.0371053e+05 
 0   160.3653477 4.0374647e+05 
 0   160.3857817 4.0371528e+05 
 0   160.4062158 4.0375634e+05 
 0   160.4266500 4.0372128e+05 
 0   160.4470839 4.0371925e+05 
 0   160.4675180 4.0369884e+05 
 0   160.4879522 4.0370759e+05 
 0   160.5083862 4.0372416e+05 
 0   160.5288203 4.0370631e+05 
 0   160.5492543 4.0368350e+05 
 0   160.5696884 4.0369100e+05 
 0   160.5901225 4.0371844e+05 
 0   160.6105566 4.0373466e+05 
 0   160.6309906 4.0375406e+05 
 0   160.6514247 4.0369547e+05 
 0   160.6718588 4.0371812e+05 
 0   160.6922928 4.0369194e+05 
 0   160.7127270 4.0370956e+05 
 0   160.7331610 4.0369191e+05 
 0   160.7535950 4.0370447e+05 
 0   160.7740291 4.0371803e+05 
 0   160.7944633 4.0371947e+05 
 0   160.8148974 4.0373447e+05 
 0   160.8353313 4.0373462e+05 
 0   160.8557655 4.0373434e+05 
 0   160.8761996 4.0367362e+05 
 0   160.8966336 4.0370294e+05 
 0   160.9170676 4.0365094e+05 
 0   160.9375018 4.0368738e+05 
 0   160.9579358 4.0370269e+05 
 0   160.9783699 4.0371853e+05 
 0   160.9988040 4.0369600e+05 
 0   161.0192380 4.0368569e+05 
 0   161.0396721 4.0371650e+05 
 0   161.0601062 4.0372288e+05 
 0   161.0805402 4.0373612e+05 
 0   161.1009743 4.0375050e+05 
 0   161.1214084 4.0372819e+05 
 0   161.1418426 4.0370953e+05 
 0   161.1622765 4.0373247e+05 
 0   161.1827106 4.0370728e+05 
 0   161.2031446 4.0369825e+05 
 0   161.2235788 4.0374041e+05 
 0   161.2644469 4.0370056e+05 
 0   161.2848809 4.0368431e+05 
 0   161.3053151 4.0374022e+05 
 0   161.3257491 4.0371916e+05 
 0   161.3461831 4.0371181e+05 
 0   161.3666173 4.0370600e+05 
 0   161.3870514 4.0371869e+05 
 0   161.4074853 4.0371697e+05 
 0   161.4279194 4.0374816e+05 
 0   161.4483536 4.0372828e+05 
 0   161.4687876 4.0369978e+05 
 0   161.4892216 4.0369288e+05 
 0   161.5096558 4.0375291e+05 
 0   161.5300898 4.0370744e+05 
 0   161.5505238 4.0373297e+05 
 0   161.5709579 4.0370112e+05 
 0   161.5913921 4.0371356e+05 
 0   161.6118261 4.0372691e+05 
 0   161.6322601 4.0370584e+05 
 0   161.6526943 4.0370188e+05 
 0   161.6731284 4.0371856e+05 
 0   161.6935623 4.0371619e+05 
 0   161.7139964 4.0374644e+05 
 0   161.7344306 4.0373928e+05 
 0   161.7548646 4.0372688e+05 
 0   161.7752986 4.0370347e+05 
 0   161.7957327 4.0370659e+05 
 0   161.8161668 4.0370725e+05 
 0   161.8366008 4.0371781e+05 
 0   161.8570349 4.0371303e+05 
 0   161.8774691 4.0369006e+05 
 0   161.8979030 4.0369619e+05 
 0   161.9183371 4.0370453e+05 
 0   161.9387711 4.0371650e+05 
 0   161.9592052 4.0363650e+05 
 0   161.9796393 4.0372644e+05 
 0   162.0000734 4.0372209e+05 
 0   162.0205075 4.0370828e+05 
 0   162.0409415 4.0370850e+05 
 0   162.0613756 4.0374791e+05 
 0   162.0818096 4.0373075e+05 
 0   162.1022437 4.0372100e+05 
 0   162.1226778 4.0370525e+05 
 0   162.1431118 4.0374469e+05 
 0   162.1635459 4.0373803e+05 
 0   162.1839800 4.0370088e+05 
 0   162.2044140 4.0370612e+05 
 0   162.2248480 4.0371266e+05 
 0   162.2452822 4.0372872e+05 
 0   162.2657162 4.0150416e+05 
 0   162.2861502 3.9812631e+05 
 0   162.3065844 3.9870012e+05 
 0   162.3270185 4.0279444e+05 
 0   162.3474524 4.0370266e+05 
 0   162.3678865 4.0380697e+05 
 0   162.3883207 4.0372356e+05 
 0   162.4087546 4.0373325e+05 
 0   162.4291887 4.0372359e+05 
 0   162.4496227 4.0369900e+05 
 0   162.4700568 4.0369878e+05 
 0   162.4904909 4.0374772e+05 
 0   162.5109243 4.0375306e+05 
 0   162.5313585 4.0376428e+05 
 0   162.5517925 4.0369675e+05 
 0   162.5722265 4.0372053e+05 
 0   162.5926606 4.0372284e+05 
 0   162.6130948 4.0372031e+05 
 0   162.6335287 4.0370572e+05 
 0   162.6539628 4.0369341e+05 
 0   162.6743970 4.0369044e+05 
 0   162.6948309 4.0369150e+05 
 0   162.7152650 4.0371825e+05 
 0   162.7356990 4.0371188e+05 
 0   162.7561331 4.0371697e+05 
 0   162.7765672 4.0370431e+05 
 0   162.7970012 4.0371841e+05 
 0   162.8174353 4.0372581e+05 
 0   162.8378694 4.0373347e+05 
 0   162.8583034 4.0373656e+05 
 0   162.8787374 4.0368831e+05 
 0   162.8991715 4.0373894e+05 
 0   162.9196056 4.0370781e+05 
 0   162.9400396 4.0375919e+05 
 0   162.9604736 4.0370500e+05 
 0   162.9809078 4.0372903e+05 
 0   163.0013418 4.0374659e+05 
 0   163.0217758 4.0371662e+05 
 0   163.0422100 4.0370500e+05 
 0   163.0626440 4.0374269e+05 
 0   163.0830780 4.0371512e+05 
 0   163.1035121 4.0368644e+05 
 0   163.1239462 4.0372666e+05 
 0   163.1443802 4.0370606e+05 
 0   163.1648142 4.0371459e+05 
 0   163.1852484 4.0370788e+05 
 0   163.2056824 4.0374131e+05 
 0   163.2261164 4.0369544e+05 
 0   163.2465505 4.0374559e+05 
 0   163.2669845 4.0368728e+05 
 0   163.2874186 4.0371541e+05 
 0   163.3078526 4.0371538e+05 
 0   163.3282868 4.0369078e+05 
 0   163.3487208 4.0372156e+05 
 0   163.3691548 4.0372681e+05 
 0   163.3895888 4.0369584e+05 
 0   163.4100229 4.0370419e+05 
 0   163.4304570 4.0366928e+05 
 0   163.4508910 4.0368462e+05 
 0   163.4713251 4.0373034e+05 
 0   163.4917592 4.0374612e+05 
 0   163.5121932 4.0366988e+05 
 0   163.5326272 4.0368553e+05 
 0   163.5530613 4.0369509e+05 
 0   163.5734954 4.0368556e+05 
 0   163.5939294 4.0370331e+05 
 0   163.6143634 4.0371028e+05 
 0   163.6347976 4.0374056e+05 
 0   163.6552315 4.0368528e+05 
 0   163.6756656 4.0373916e+05 
 0   163.6960997 4.0372766e+05 
 0   163.7165337 4.0370497e+05 
 0   163.7369677 4.0369325e+05 
 0   163.7574018 4.0369478e+05 
 0   163.7778359 4.0370059e+05 
 0   163.7982699 4.0372316e+05 
 0   163.8187040 4.0369547e+05 
 0   163.8391381 4.0369712e+05 
 0   163.8595721 4.0371475e+05 
 0   163.8800061 4.0371072e+05 
 0   163.9004401 4.0370259e+05 
 0   163.9208742 4.0370103e+05 
 0   163.9413083 4.0371219e+05 
 0   163.9617423 4.0372325e+05 
 0   163.9821764 4.0371528e+05 
 0   164.0026104 4.0372803e+05 
 0   164.0230445 4.0370800e+05 
 0   164.0434785 4.0370603e+05 
 0   164.0639126 4.0372641e+05 
 0   164.0843467 4.0371678e+05 
 0   164.1047807 4.0372769e+05 
 0   164.1252147 4.0369234e+05 
 0   164.1456488 4.0372688e+05 
 0   164.1660828 4.0375134e+05 
 0   164.1865168 4.0368512e+05 
 0   164.2069510 4.0371675e+05 
 0   164.2478190 4.0372156e+05 
 0   164.2682530 4.0371706e+05 
 0   164.2886871 4.0375219e+05 
 0   164.3091211 4.0367456e+05 
 0   164.3295552 4.0371934e+05 
 0   164.3499893 4.0370203e+05 
 0   164.3704234 4.0370634e+05 
 0   164.3908573 4.0371831e+05 
 0   164.4112914 4.0366009e+05 
 0   164.4317254 4.0372209e+05 
 0   164.4521595 4.0373675e+05 
 0   164.4725935 4.0368222e+05 
 0   164.4930277 4.0369525e+05 
 0   164.5134616 4.0372403e+05 
 0   164.5338957 4.0367362e+05 
 0   164.5543297 4.0369419e+05 
 0   164.5747638 4.0371800e+05 
 0   164.5951978 4.0373269e+05 
 0   164.6156319 4.0368469e+05 
 0   164.6360658 4.0370016e+05 
 0   164.6565000 4.0371162e+05 
 0   164.6769340 4.0358003e+05 
 0   164.6973681 4.0370253e+05 
 0   164.7178021 4.0371619e+05 
 0   164.7382362 4.0100822e+05 
 0   164.7586702 3.9803409e+05 
 0   164.7791042 3.9893969e+05 
 0   164.7995383 4.0303259e+05 
 0   164.8199723 4.0338141e+05 
 0   164.8404063 4.0371678e+05 
 0   164.8608404 4.0351275e+05 
 0   164.8812745 4.0360878e+05 
 0   164.9017084 4.0360712e+05 
 0   164.9221425 4.0355000e+05 
 0   164.9425766 4.0355862e+05 
 0   164.9630106 4.0354366e+05 
 0   164.9834446 4.0375050e+05 
